M/Z,Intensity
-7.8602611e-005,4.1628959
2.1773576e-007,4.2011061
9.6021472e-005,4.1508296
0.00036601382,4.1809955
0.00081019477,4.098542
0.0014285643,3.965812
0.0022211225,3.9577677
0.0031878693,4.0703871
0.0043288047,4.032177
0.0056439287,4.0904977
0.0071332413,4.1266968
0.0087967426,4.0160885
0.010634432,4.1387632
0.012646311,4.2554047
0.014832378,4.3117144
0.017192634,4.197084
0.019727078,4.0221217
0.022435711,3.8733032
0.025318532,4.0140774
0.028375542,4.2373052
0.031606741,4.3881347
0.035012128,4.3901458
0.038591704,4.3861237
0.042345469,4.361991
0.046273422,4.2433384
0.050375564,4.1568627
0.054651894,4.0925088
0.059102413,4.1468074
0.063727121,4.1729512
0.068526017,4.2996481
0.073499102,4.3821016
0.078646375,4.26546
0.083967837,4.2151835
0.089463488,4.0764203
0.095133327,4.0925088
0.10097736,4.0723982
0.10699557,4.1689291
0.11318798,4.2795375
0.11955457,4.3921569
0.12609535,4.3499246
0.13281032,4.2513826
0.13969948,4.2051282
0.14676283,4.1407743
0.15400037,4.100553
0.16141209,4.1045752
0.16899801,4.1729512
0.17675811,4.1186526
0.1846924,4.1266968
0.19280088,4.0904977
0.20108355,4.0683761
0.20954041,4.0542986
0.21817145,4.0542986
0.22697669,4.0864756
0.23595611,4.1085973
0.24510972,4.13273
0.25443752,4.1548517
0.26393951,4.1206637
0.27361569,4.0241327
0.28346605,3.9879336
0.29349061,4.0180995
0.30368935,4.0804424
0.31406228,4.0482655
0.3246094,4.1729512
0.33533071,4.2151835
0.34622621,4.1870287
0.3572959,4.2574158
0.36853977,4.26546
0.37995783,4.1950729
0.39155009,4.2493715
0.40331653,4.3418803
0.41525716,4.2614379
0.42737197,4.3076923
0.43966098,4.2554047
0.45212418,4.263449
0.46476156,4.2694822
0.47757313,4.2694822
0.49055889,4.2413273
0.50371884,4.2835596
0.51705298,4.2252388
0.53056131,4.2433384
0.54424382,4.1769734
0.55810053,4.1890397
0.57213142,4.1568627
0.5863365,4.1528406
0.60071577,4.1206637
0.61526923,4.1106083
0.62999688,4.0804424
0.64489871,4.0683761
0.65997473,4.0703871
0.67522495,4.0522876
0.69064935,4.0703871
0.70624794,4.0281549
0.72202072,4.0361991
0.73796769,4.0804424
0.75408884,4.0502765
0.77038419,4.0563097
0.78685372,4.0542986
0.80349744,4.0844646
0.82031535,4.1246858
0.83730745,4.098542
0.85447374,4.1528406
0.87181421,4.1508296
0.88932888,4.1367521
0.90701773,4.1588738
0.92488077,4.1608849
0.942918,4.1266968
0.96112942,4.1950729
0.97951503,4.164907
0.99807483,4.2091503
1.0168088,4.1890397
1.035717,4.1890397
1.0547993,4.2533937
1.0740559,4.1347411
1.0934866,4.2453494
1.1130916,4.2011061
1.1328707,4.2674711
1.152824,4.1447964
1.1729515,4.2775264
1.1932532,4.1749623
1.213729,4.2252388
1.2343791,4.1890397
1.2552033,4.1689291
1.2762018,4.2352941
1.2973744,4.1950729
1.3187212,4.1749623
1.3402422,4.2011061
1.3619374,4.1729512
1.3838068,4.2453494
1.4058504,4.1628959
1.4280681,4.1588738
1.4504601,4.1528406
1.4730262,4.1689291
1.4957665,4.1347411
1.518681,4.1447964
1.5417697,4.1407743
1.5650326,4.1065862
1.5884697,4.1186526
1.612081,4.0864756
1.6358664,4.1085973
1.6598261,4.1246858
1.6839599,4.1206637
1.7082679,4.0884867
1.7327501,4.1367521
1.7574065,4.0904977
1.7822371,4.1347411
1.8072419,4.1246858
1.8324209,4.1186526
1.857774,4.1488185
1.8833013,4.2111614
1.9090029,4.1468074
1.9348786,4.1749623
1.9609285,4.231272
1.9871526,4.2614379
2.0135509,4.1870287
2.0401234,4.2493715
2.06687,4.2192056
2.0937909,4.3036702
2.1208859,4.2171946
2.1481551,4.2735043
2.1755985,4.2574158
2.2032161,4.2212167
2.2310079,4.2373052
2.2589739,4.2272499
2.2871141,4.2051282
2.3154285,4.2111614
2.343917,4.1830065
2.3725797,4.1850176
2.4014167,4.2493715
2.4304278,4.1447964
2.4596131,4.1749623
2.4889726,4.1850176
2.5185062,4.1447964
2.5482141,4.1488185
2.5780962,4.2192056
2.6081524,4.2031171
2.6383828,4.2031171
2.6687875,4.1508296
2.6993663,4.2413273
2.7301193,4.2091503
2.7610465,4.2594268
2.7921478,4.329814
2.8234234,4.4142785
2.8548732,4.4062343
2.8864971,4.3539467
2.9182952,4.331825
2.9502676,4.2936149
2.9824141,4.2272499
3.0147348,4.2433384
3.0472296,4.1809955
3.0798987,4.1809955
3.112742,4.2031171
3.1457594,4.1508296
3.1789511,4.1608849
3.2123169,4.2413273
3.2458569,4.1910508
3.2795711,4.1850176
3.3134595,4.2091503
3.3475221,4.231272
3.3817589,4.2352941
3.4161698,4.1910508
3.450755,4.2151835
3.4855143,4.2212167
3.5204478,4.2473605
3.5555556,4.2171946
3.5908375,4.2453494
3.6262936,4.2171946
3.6619238,4.2332831
3.6977283,4.2533937
3.733707,4.2453494
3.7698598,4.1930618
3.8061868,4.2071393
3.8426881,4.1910508
3.8793635,4.1488185
3.9162131,4.1830065
3.9532369,4.166918
3.9904348,4.130719
4.027807,4.1246858
4.0653534,4.1488185
4.1030739,4.130719
4.1409686,4.1266968
4.1790376,4.1206637
4.2172807,4.0925088
4.255698,4.1287079
4.2942895,4.1508296
4.3330551,4.0723982
4.371995,4.100553
4.411109,4.1628959
4.4503973,4.1146305
4.4898597,4.1447964
4.5294963,4.1347411
4.5693071,4.1950729
4.6092921,4.1407743
4.6494513,4.1749623
4.6897847,4.1729512
4.7302923,4.1709402
4.770974,4.2031171
4.8118299,4.1729512
4.8528601,4.1528406
4.8940644,4.166918
4.9354429,4.1608849
4.9769956,4.2131724
5.0187225,4.199095
5.0606235,4.166918
5.1026988,4.2393162
5.1449482,4.166918
5.1873719,4.2091503
5.2299697,4.2171946
5.2727417,4.2091503
5.3156879,4.1769734
5.3588083,4.197084
5.4021029,4.1749623
5.4455717,4.2011061
5.4892146,4.1910508
5.5330318,4.1769734
5.5770231,4.1950729
5.6211886,4.1568627
5.6655283,4.1689291
5.7100422,4.199095
5.7547303,4.1850176
5.7995926,4.166918
5.8446291,4.1588738
5.8898397,4.1588738
5.9352245,4.1367521
5.9807836,4.1468074
6.0265168,4.1488185
6.0724242,4.1226747
6.1185058,4.1186526
6.1647616,4.1628959
6.2111916,4.1427853
6.2577957,4.1226747
6.3045741,4.0884867
6.3515266,4.0904977
6.3986533,4.0844646
6.4459543,4.1347411
6.4934294,4.1468074
6.5410787,4.1226747
6.5889021,4.1206637
6.6368998,4.1347411
6.6850717,4.1910508
6.7334177,4.1226747
6.781938,4.1246858
6.8306324,4.1608849
6.879501,4.1588738
6.9285438,4.1287079
6.9777608,4.1749623
7.027152,4.1850176
7.0767174,4.2071393
7.1264569,4.1769734
7.1763707,4.2192056
7.2264586,4.2151835
7.2767207,4.1910508
7.327157,4.197084
7.3777675,4.1809955
7.4285522,4.2192056
7.4795111,4.1548517
7.5306442,4.2071393
7.5819514,4.1709402
7.6334329,4.166918
7.6850885,4.1427853
7.7369183,4.2071393
7.7889223,4.1186526
7.8411005,4.1568627
7.8934529,4.166918
7.9459795,4.1789844
7.9986802,4.1347411
8.0515552,4.1709402
8.1046043,4.13273
8.1578277,4.1548517
8.2112252,4.13273
8.2647969,4.1870287
8.3185428,4.1126194
8.3724629,4.1548517
8.4265572,4.197084
8.4808256,4.1548517
8.5352683,4.1367521
8.5898851,4.1769734
8.6446761,4.1468074
8.6996413,4.1588738
8.7547808,4.1488185
8.8100943,4.1628959
8.8655821,4.1789844
8.9212441,4.166918
8.9770803,4.1890397
9.0330906,4.1266968
9.0892751,4.1789844
9.1456339,4.1608849
9.2021668,4.1568627
9.2588739,4.1548517
9.3157552,4.1789844
9.3728107,4.1769734
9.4300403,4.164907
9.4874442,4.1608849
9.5450222,4.166918
9.6027745,4.1890397
9.6607009,4.2171946
9.7188015,4.166918
9.7770763,4.1850176
9.8355253,4.1950729
9.8941485,4.166918
9.9529458,4.1850176
10.011917,4.1850176
10.071063,4.1729512
10.130383,4.1689291
10.189877,4.1488185
10.249545,4.1809955
10.309388,4.1850176
10.369405,4.1628959
10.429596,4.164907
10.489961,4.1588738
10.5505,4.1045752
10.611213,4.1548517
10.672101,4.1488185
10.733163,4.1387632
10.794399,4.1548517
10.855809,4.1186526
10.917393,4.1367521
10.979152,4.1568627
11.041085,4.1246858
11.103192,4.1870287
11.165473,4.1568627
11.227928,4.1387632
11.290558,4.1689291
11.353361,4.1769734
11.416339,4.1206637
11.479491,4.1387632
11.542818,4.1749623
11.606318,4.1729512
11.669993,4.1769734
11.733841,4.1568627
11.797864,4.166918
11.862062,4.1689291
11.926433,4.1387632
11.990979,4.1468074
12.055698,4.1729512
12.120592,4.197084
12.185661,4.1347411
12.250903,4.1789844
12.316319,4.164907
12.38191,4.197084
12.447675,4.1729512
12.513614,4.1628959
12.579727,4.164907
12.646015,4.1488185
12.712477,4.1809955
12.779112,4.1729512
12.845923,4.2111614
12.912907,4.1809955
12.980065,4.1468074
13.047398,4.2011061
13.114905,4.166918
13.182586,4.1870287
13.250441,4.1689291
13.31847,4.1789844
13.386674,4.1628959
13.455051,4.1749623
13.523603,4.2091503
13.592329,4.164907
13.66123,4.1468074
13.730304,4.1789844
13.799553,4.1407743
13.868976,4.1729512
13.938573,4.1689291
14.008344,4.1447964
14.07829,4.1568627
14.148409,4.1568627
14.218703,4.1488185
14.289171,4.1488185
14.359813,4.1508296
14.43063,4.1367521
14.50162,4.1367521
14.572785,4.1608849
14.644124,4.1769734
14.715637,4.1850176
14.787324,4.1749623
14.859186,4.1427853
14.931221,4.1387632
15.003431,4.199095
15.075815,4.1407743
15.148374,4.1830065
15.221106,4.1628959
15.294013,4.2011061
15.367094,4.1809955
15.440349,4.2031171
15.513778,4.199095
15.587381,4.197084
15.661159,4.2272499
15.735111,4.199095
15.809237,4.2091503
15.883537,4.1930618
15.958011,4.166918
16.03266,4.2111614
16.107482,4.1950729
16.182479,4.1870287
16.25765,4.2151835
16.332996,4.2513826
16.408515,4.2332831
16.484209,4.331825
16.560077,4.3660131
16.636119,4.4203117
16.712335,4.4082453
16.788725,4.3539467
16.86529,4.3559578
16.942029,4.3720463
17.018942,4.4685772
17.096029,4.6515837
17.17329,4.9170437
17.250726,5.0457516
17.328335,5.1282051
17.406119,5.1985923
17.484077,5.355455
17.56221,5.4781297
17.640516,5.4640523
17.718997,5.4057315
17.797652,5.3333333
17.876481,5.2609351
17.955484,5.1523379
18.034662,5.0155857
18.114013,4.8225239
18.193539,4.8245349
18.273239,4.7300151
18.353113,4.6415284
18.433162,4.5972851
18.513384,4.5932629
18.593781,4.5208648
18.674352,4.5047763
18.755097,4.4544997
18.836016,4.396179
18.91711,4.4122675
18.998377,4.3841126
19.079819,4.3760684
19.161435,4.3660131
19.243226,4.331825
19.32519,4.3418803
19.407329,4.297637
19.489642,4.3841126
19.572129,4.3700352
19.65479,4.3821016
19.737625,4.428356
19.820635,4.4102564
19.903819,4.6375063
19.987177,6.2564103
20.070709,8.725993
20.154415,8.728004
20.238296,7.1935646
20.32235,6.083459
20.406579,5.6933132
20.490982,5.4922071
20.57556,5.3132227
20.660311,5.2287582
20.745237,5.1302162
20.830337,5.0316742
20.915611,4.9653092
21.001059,4.8728004
21.086681,4.7481146
21.172478,4.695827
21.258449,4.6757164
21.344594,4.6113625
21.430913,4.5268979
21.517406,4.5409754
21.604074,4.5389643
21.690915,4.4585219
21.777931,4.4725993
21.865121,4.5470085
21.952486,4.4605329
22.040024,4.4585219
22.127737,4.4122675
22.215624,4.4203117
22.303685,4.4042232
22.39192,4.39819
22.480329,4.4142785
22.568913,4.3921569
22.657671,4.3901458
22.746603,4.3459025
22.835709,4.2735043
22.924989,4.2895928
23.014444,4.2755153
23.104073,4.2956259
23.193876,4.2493715
23.283853,4.3097034
23.374004,4.2533937
23.46433,4.2936149
23.554829,4.2413273
23.645503,4.2453494
23.736351,4.2755153
23.827373,4.2171946
23.91857,4.26546
24.009941,4.2252388
24.101485,4.231272
24.193204,4.2433384
24.285098,4.2735043
24.377165,4.2252388
24.469407,4.2352941
24.561822,4.2574158
24.654412,4.3479135
24.747176,4.4364002
24.840115,4.7581699
24.933227,4.7219708
25.026514,4.0382102
25.119975,5.3695324
25.21361,22.423328
25.307419,56.866767
25.401403,59.509301
25.49556,41.721468
25.589892,30.413273
25.684398,29.202614
25.779078,28.412267
25.873933,26.686777
25.968961,25.701357
26.064164,25.043741
26.159541,23.871292
26.255092,22.487682
26.350818,21.011564
26.446717,19.50729
26.542791,18.2363
26.639039,16.981398
26.735461,15.67823
26.832057,14.638512
26.928828,13.779789
27.025772,12.629462
27.122891,11.812971
27.220184,11.267974
27.317652,10.696833
27.415293,10.373052
27.513109,9.8743087
27.611098,9.6088487
27.709262,9.3976873
27.807601,8.8466566
27.906113,8.5550528
28.0048,8.3137255
28.10366,8.100553
28.202695,8.0160885
28.301904,7.9396682
28.401288,7.7787833
28.500845,7.5676219
28.600577,7.3584716
28.700483,7.3484163
28.800563,7.2036199
28.900817,7.0608346
29.001246,7.072901
29.101848,7.0387129
29.202625,6.9462041
29.303576,6.9120161
29.404701,6.8778281
29.506001,7.0447461
29.607474,7.1915535
29.709122,7.1794872
29.810944,7.3303167
29.91294,7.5495224
30.01511,7.8572147
30.117455,8.4886878
30.219974,9.321267
30.322666,10.091503
30.425534,10.978381
30.528575,11.440925
30.63179,11.46908
30.73518,11.278029
30.838744,10.875817
30.942482,10.31272
31.046394,10.165913
31.15048,10.186023
31.254741,10.533937
31.359176,11.004525
31.463785,11.056812
31.568568,10.829563
31.673525,10.377074
31.778657,9.9406737
31.883963,9.3815988
31.989442,8.9994972
32.095097,8.7581699
32.200925,8.9029663
32.306927,9.3856209
32.413104,10.127702
32.519455,11.219708
32.62598,12.020111
32.732679,13.124183
32.839553,13.834087
32.9466,13.468074
33.053822,12.498743
33.161218,11.467069
33.268788,10.552036
33.376532,9.7616893
33.484451,9.089995
33.592544,8.4927099
33.700811,8.098542
33.809252,7.8954248
33.917867,7.6500754
34.026657,7.4248366
34.13562,7.207642
34.244758,6.9703369
34.35407,6.8014077
34.463556,6.6928105
34.573217,6.6988436
34.683052,6.8255405
34.79306,6.8496732
34.903243,6.7370538
35.013601,6.5641026
35.124132,6.413273
35.234838,6.1900452
35.345717,6.0231272
35.456771,5.8903972
35.567999,5.6732026
35.679402,5.456008
35.790978,5.4017094
35.902729,5.3494218
36.014654,5.2810458
36.126753,5.1865259
36.239026,5.0517848
36.351474,5.0437406
36.464095,5.0537959
36.576891,5.0216189
36.689861,4.9934641
36.803005,4.9371543
36.916324,4.8788336
37.029816,4.8526898
37.143483,4.9049774
37.257324,4.9009553
37.371339,4.8969331
37.485529,4.8908999
37.599892,4.9069884
37.71443,4.9371543
37.829142,4.9130216
37.944028,4.8084465
38.059088,4.7782805
38.174323,4.8144796
38.289731,4.7239819
38.405314,4.6897939
38.521071,4.7179487
38.637002,4.6757164
38.753108,4.7219708
38.869387,4.7642031
38.985841,4.7481146
39.102469,4.5852187
39.219271,4.5228758
39.336248,4.6194067
39.453398,4.6113625
39.570723,4.5510307
39.688222,4.6375063
39.805895,4.6998492
39.923742,4.7219708
40.041764,4.7883358
40.15996,4.7863248
40.278329,4.7843137
40.396873,4.7802916
40.515592,4.7621921
40.634484,4.6978381
40.753551,4.5852187
40.872792,4.5832076
40.992207,4.6857717
41.111796,4.8325792
41.231559,4.9009553
41.351497,5.1221719
41.471608,5.4399196
41.591894,5.685269
41.712355,5.6430367
41.832989,5.5585721
41.953797,8.0563097
42.07478,22.385118
42.195937,38.511815
42.317268,34.186023
42.438773,24.249372
42.560453,19.698341
42.682306,18.169935
42.804334,16.695827
42.926536,16.235294
43.048912,18.250377
43.171463,21.466063
43.294187,23.432881
43.417086,23.179487
43.540159,21.530417
43.663406,19.553544
43.786828,17.530417
43.910423,15.794872
44.034193,14.447461
44.158137,14.290598
44.282255,14.978381
44.406547,14.435395
44.531014,13.172448
44.655654,12.28356
44.780469,12.199095
44.905458,12.540975
45.030621,13.28909
45.155959,13.57265
45.28147,13.556561
45.407156,13.260935
45.533016,12.520865
45.65905,11.895425
45.785259,11.519356
45.911641,11.322272
46.038198,11.249874
46.164929,11.18552
46.291834,11.434892
46.418913,12.60734
46.546167,14.184012
46.673595,14.546003
46.801196,14.646556
46.928972,15.274007
47.056923,15.738562
47.185047,15.841126
47.313346,22.232278
47.441819,49.562594
47.570466,72.002011
47.699287,65.960784
47.828282,47.633987
47.957452,35.698341
48.086795,31.724485
48.216313,30.36903
48.346006,29.594771
48.475872,28.742081
48.605912,27.28004
48.736127,25.043741
48.866516,22.905983
48.997079,21.747612
49.127816,20.979387
49.258728,20.888889
49.389813,21.458019
49.521073,22.451483
49.652507,22.869784
49.784115,22.143791
49.915898,21.07994
50.047854,20.223228
50.179985,19.310206
50.31229,18.314731
50.444769,17.639015
50.577423,17.019608
50.71025,16.430367
50.843252,15.877325
50.976428,15.05279
51.109778,14.570136
51.243302,13.894419
51.377001,13.532428
51.510873,13.192559
51.64492,12.854701
51.779141,12.39819
51.913536,12.156863
52.048106,11.84917
52.182849,11.644042
52.317767,11.432881
52.452859,11.183509
52.588125,10.851684
52.723566,10.53997
52.85918,10.194067
52.994969,10.127702
53.130932,9.8401207
53.267069,9.6510809
53.40338,9.453997
53.539866,9.1322272
53.676525,9.0095525
53.813359,8.8426345
53.950367,8.8084465
54.08755,8.5369532
54.224906,8.5409754
54.362437,8.6334842
54.500141,8.5992961
54.63802,8.7078934
54.776074,9.1362494
54.914301,9.8722976
55.052703,10.793363
55.191278,11.265963
55.330028,11.557567
55.468952,11.561589
55.608051,11.467069
55.747323,12.176973
55.88677,13.562594
56.026391,14.783308
56.166186,15.352438
56.306155,15.03268
56.446298,14.332831
56.586616,13.699346
56.727108,13.671192
56.867774,14.095525
57.008614,14.525892
57.149629,14.942182
57.290817,14.698844
57.43218,14.302665
57.573717,14.127702
57.715428,14.210156
57.857313,14.779286
57.999373,15.346405
58.141607,15.52539
58.284014,15.044746
58.426597,14.278532
58.569353,13.409754
58.712283,12.512821
58.855388,12.154852
58.998667,12.711916
59.14212,13.532428
59.285747,13.856209
59.429548,13.46003
59.573524,12.896933
59.717674,13.053796
59.861998,14.46355
60.006496,17.721468
60.151168,21.063851
60.296015,21.751634
60.441036,19.993967
60.58623,18.12368
60.7316,16.603318
60.877143,15.648064
61.02286,16.723982
61.168752,18.893917
61.314818,19.702363
61.461058,18.833585
61.607472,16.991453
61.754061,15.117144
61.900823,15.265963
62.04776,22.731021
62.194871,36.450478
62.342156,40.633484
62.489616,33.91453
62.637249,26.592257
62.785057,22.620412
62.933039,20.812469
63.081195,21.427853
63.229525,23.670186
63.37803,23.738562
63.526708,21.596782
63.675561,19.191554
63.824588,17.657114
63.97379,17.564605
64.123165,20.874811
64.272715,27.784816
64.422439,29.832076
64.572337,26.584213
64.722409,22.276521
64.872655,19.479135
65.023076,17.82001
65.17367,16.579186
65.324439,15.925591
65.475383,15.255907
65.6265,14.367019
65.777791,13.723479
65.929257,12.856712
66.080897,12.987431
66.232711,15.263952
66.384699,18.680744
66.536862,19.875314
66.689198,18.095525
66.841709,15.477124
66.994394,13.978884
67.147254,13.15636
67.300287,12.498743
67.453495,12.124686
67.606876,11.901458
67.760432,11.804927
67.914162,11.857215
68.068067,11.959779
68.222145,12.082453
68.376398,12.536953
68.530825,13.538462
68.685426,14.847662
68.840201,15.095023
68.995151,14.682755
69.150274,14.10357
69.305572,13.409754
69.461044,13.315234
69.616691,13.568627
69.772511,13.399698
69.928506,13.154349
70.084674,13.190548
70.241017,15.517345
70.397535,21.11815
70.554226,26.759175
70.711092,28.237305
70.868131,26.354952
71.025345,23.825038
71.182733,21.641026
71.340296,20.241327
71.498032,19.780794
71.655943,19.688286
71.814028,19.115133
71.972287,18.439417
72.13072,17.190548
72.289327,15.881347
72.448109,15.376571
72.607065,14.829563
72.766195,14.342886
72.925499,13.701357
73.084977,12.884867
73.24463,12.233283
73.404457,12.295626
73.564458,14.36903
73.724633,17.106083
73.884982,18.57818
74.045506,17.550528
74.206203,15.742584
74.367075,15.265963
74.528121,21.61086
74.689342,37.275013
74.850736,45.258924
75.012305,39.52539
75.174048,29.341378
75.335965,23.074912
75.498056,20.47461
75.660321,19.778783
75.822761,19.754651
75.985375,19.024635
76.148163,17.367521
76.311125,15.855204
76.474261,14.950226
76.637572,16.728004
76.801056,20.494721
76.964715,22.192056
77.128548,20.683761
77.292556,18.153846
77.456737,16.004022
77.621093,14.89995
77.785623,14.928105
77.950327,14.76722
78.115205,14.169935
78.280257,13.238813
78.445484,12.361991
78.610885,12.687783
78.77646,15.384615
78.942209,19.199598
79.108132,20.339869
79.27423,18.847662
79.440502,16.287582
79.606947,14.469583
79.773568,13.578683
79.940362,12.941176
80.10733,12.723982
80.274473,12.458522
80.44179,12.050277
80.609281,12.014077
80.776946,12.259427
80.944786,12.915033
81.112799,13.309201
81.280987,13.377577
81.449349,13.449975
81.617885,13.170437
81.786596,12.703871
81.95548,12.802413
82.124539,13.293112
82.293772,13.757667
82.463179,13.441931
82.63276,13.154349
82.802516,13.508296
82.972446,14.845651
83.142549,16.136752
83.312828,16.617396
83.48328,16.064354
83.653906,15.189542
83.824707,14.244344
83.995682,13.932629
84.166831,14.019105
84.338154,14.10357
84.509651,13.856209
84.681323,13.542484
84.853169,13.160382
85.025189,12.961287
85.197383,12.746104
85.369751,12.561086
85.542294,12.217195
85.71501,11.889392
85.887901,14.063348
86.060966,24.325792
86.234206,37.978884
86.407619,43.352438
86.581207,39.37456
86.754969,32.201106
86.928905,26.519859
87.103015,23.676219
87.277299,22.413273
87.451758,20.921066
87.626391,18.857717
87.801198,17.13826
87.976179,17.745601
88.151334,24.832579
88.326664,34.027149
88.502168,37.817999
88.677845,34.304676
88.853698,29.538462
89.029724,48.066365
89.205924,97.013575
89.382299,100
89.558848,100
89.735571,98.680744
89.912468,92.635495
90.08954,84.480644
90.266785,79.479135
90.444205,75.631976
90.621799,68.307692
90.799567,55.531423
90.97751,44.233283
91.155626,40.921066
91.333917,52.432378
91.512382,62.704877
91.691021,59.778783
91.869834,49.520362
92.048822,40.199095
92.227984,35.513323
92.407319,34.889894
92.586829,34.38914
92.766514,32.931121
92.946372,30.61639
93.126405,29.214681
93.306612,29.518351
93.486993,30.509804
93.667548,31.016591
93.848277,30.348919
94.029181,28.937154
94.210259,27.921569
94.391511,27.515334
94.572937,27.710407
94.754537,27.684263
94.936312,27.105078
95.11826,26.586224
95.300383,26.972348
95.48268,29.176471
95.665152,31.300151
95.847797,32.050277
96.030617,31.20362
96.213611,30.017094
96.396779,29.753645
96.580121,30.039216
96.763637,30.387129
96.947328,30.177979
97.131193,29.767722
97.315232,29.733534
97.499445,29.66918
97.683832,29.813977
97.868394,29.451986
98.053129,28.675716
98.238039,27.827049
98.423123,27.340372
98.608382,26.642534
98.793814,25.902464
98.979421,25.164404
99.165202,25.122172
99.351157,25.773756
99.537286,29.445953
99.723589,34.918049
99.910067,36.520865
100.09672,34.017094
100.28354,30.25641
100.47055,27.823027
100.65772,28.259427
100.84507,29.397687
101.03259,29.323278
101.22029,27.776772
101.40816,25.411765
101.5962,24.329814
101.78442,25.333333
101.97282,25.864253
102.16139,24.812469
102.35013,22.580191
102.53904,21.033685
102.72813,21.598793
102.9174,22.720965
103.10684,22.525892
103.29645,21.258924
103.48624,19.931624
103.6762,20.158874
103.86633,22.234289
104.05664,23.408748
104.24713,22.576169
104.43779,20.56913
104.62862,19.348416
104.81963,19.851181
105.01081,20.665661
105.20216,20.838612
105.39369,19.720463
105.58539,19.028658
105.77727,23.034691
105.96932,30.403218
106.16155,34.159879
106.35395,32.26546
106.54652,27.396682
106.73927,23.967823
106.93219,23.764706
107.12529,25.701357
107.31856,26.266466
107.51201,24.961287
107.70563,31.044746
107.89942,72.394168
108.09339,97.852187
108.28753,98.887883
108.48185,95.207642
108.67634,83.73454
108.871,67.03268
109.06584,55.798894
109.26085,48.329814
109.45604,41.836099
109.6514,35.414781
109.84694,30.761187
110.04264,31.75264
110.23853,34.803419
110.43459,34.316742
110.63082,30.851684
110.82722,27.004525
111.02381,24.848668
111.22056,23.919558
111.41749,23.076923
111.61459,21.986928
111.81187,20.983409
112.00932,20.756159
112.20695,21.254902
112.40475,21.703369
112.60272,21.532428
112.80087,22.998492
112.99919,37.568627
113.19769,67.967823
113.39636,80.426345
113.5952,74.650578
113.79422,61.019608
113.99342,47.366516
114.19278,39.350427
114.39233,35.52539
114.59204,31.744595
114.79193,27.82906
114.992,24.677728
115.19223,24.110608
115.39265,25.496229
115.59323,25.590749
115.794,24.772247
115.99493,25.586727
116.19604,36.725993
116.39732,57.958773
116.59878,68.219206
116.80041,64.333836
117.00222,52.315737
117.2042,40.100553
117.40635,33.51634
117.60868,30.453494
117.81119,27.613876
118.01386,24.301659
118.21672,22.173957
118.41974,22.204123
118.62294,22.702866
118.82631,22.240322
119.02986,20.657617
119.23358,19.197587
119.43748,18.82554
119.64155,18.889894
119.8458,18.548014
120.05022,17.980895
120.25481,17.862242
120.45958,18.847662
120.66452,19.708396
120.86963,19.857215
121.07492,19.617898
121.28039,21.53645
121.48603,27.859226
121.69184,34.194067
121.89783,35.851181
122.10399,32.392157
122.31032,27.921569
122.51683,26.435395
122.72351,27.167421
122.93037,27.03268
123.1374,25.126194
123.34461,23.86727
123.55199,24.981398
123.75954,27.042735
123.96727,27.780794
124.17518,27.90548
124.38325,32.476621
124.5915,50.35093
124.79993,69.464052
125.00853,71.686275
125.2173,64.446456
125.42625,56.311714
125.63537,53.343389
125.84467,52.766214
126.05414,50.724987
126.26378,47.965812
126.4736,46.254399
126.6836,47.881347
126.89376,49.337355
127.10411,47.042735
127.31462,44.040221
127.52531,56.185018
127.73618,86.167924
127.94721,94.928105
128.15843,92.836601
128.36981,86.360985
128.58137,93.266968
128.79311,99.86727
129.00502,99.969834
129.2171,99.768728
129.42936,99.509301
129.64179,100
129.8544,100
130.06718,100
130.28013,100
130.49326,100
130.70656,100
130.92004,100
131.13369,100
131.34751,100
131.56151,100
131.77569,99.448969
131.99004,98.84364
132.20456,97.309201
132.41925,94.288587
132.63412,83.28004
132.84917,71.467069
133.06439,65.049774
133.27978,59.631976
133.49535,54.206134
133.71109,51.851181
133.927,52.683761
134.14309,54.907994
134.35936,55.993967
134.5758,55.919558
134.79241,56.854701
135.00919,61.10005
135.22615,66.590246
135.44329,67.434892
135.6606,63.20362
135.87808,56.082453
136.09574,51.491202
136.31357,49.920563
136.53158,48.478632
136.74976,45.681247
136.96811,43.728507
137.18664,44.124686
137.40534,44.882856
137.62422,43.782805
137.84327,41.988939
138.06249,42.934138
138.28189,44.933132
138.50147,44.243338
138.72121,41.594771
138.94114,39.080945
139.16123,37.612871
139.3815,36.933132
139.60195,35.463047
139.82257,33.850176
140.04336,33.673203
140.26433,34.793363
140.48547,35.654098
140.70678,34.688788
140.92827,32.444444
141.14993,31.123177
141.37177,30.895928
141.59378,30.457516
141.81597,29.200603
142.03833,28.26546
142.26087,28.611362
142.48358,29.992961
142.70646,29.982906
142.92952,28.512821
143.15275,28.152841
143.37615,29.972851
143.59973,31.410759
143.82349,30.777275
144.04741,28.563097
144.27152,27.117144
144.49579,27.247863
144.72024,27.356461
144.94487,26.165913
145.16967,25.844143
145.39464,29.3273
145.61979,34.636501
145.84511,36.180995
146.07061,33.596782
146.29628,30.151835
146.52212,28.673705
146.74814,28.203117
146.97433,27.105078
147.2007,26.952237
147.42724,33.347411
147.65395,46.159879
147.88084,52.770236
148.10791,49.172448
148.33515,41.260935
148.56256,35.738562
148.79014,33.27099
149.0179,31.03268
149.24584,28.374057
149.47395,27.074912
149.70223,28.164907
149.93069,29.206637
150.15932,28.207139
150.38812,26.574158
150.6171,25.747612
150.84626,25.848165
151.07559,26.893917
151.30509,33.3273
151.53476,50.296631
151.76461,69.564605
151.99464,82.80543
152.22484,91.825038
152.45521,96.651584
152.68576,97.622926
152.91648,96.225239
153.14738,94.298643
153.37845,99.448969
153.60969,100
153.84111,100
154.0727,100
154.30447,100
154.53641,100
154.76852,100
155.00081,100
155.23328,100
155.46591,100
155.69872,100
155.93171,100
156.16487,100
156.39821,100
156.63171,100
156.8654,100
157.09925,99.541478
157.33328,96.993464
157.56749,87.390649
157.80187,83.157366
158.03642,79.702363
158.27115,75.334339
158.50605,66.473605
158.74113,56.205128
158.97638,48.142785
159.2118,44.116642
159.4474,37.184515
159.68318,31.489191
159.91912,33.053796
160.15524,40.989442
160.39154,43.88537
160.62801,39.149321
160.86465,32.074409
161.10147,27.77275
161.33846,25.82001
161.57563,23.788839
161.81297,22.051282
162.05049,22.284565
162.28818,23.581699
162.52604,23.209653
162.76408,21.715435
163.00229,20.886878
163.24067,20.919055
163.47923,20.760181
163.71797,20.734037
163.95688,22.839618
164.19596,27.638009
164.43522,31.493213
164.67465,31.839115
164.91425,30.298643
165.15403,29.258924
165.39398,28.746104
165.63411,27.366516
165.87441,25.958773
166.11489,25.974862
166.35554,27.191554
166.59637,27.066868
166.83736,26.558069
167.07854,30.441428
167.31988,38.431373
167.5614,42.433384
167.8031,40.502765
168.04497,35.740573
168.28701,31.887381
168.52923,28.965309
168.77162,25.950729
169.01419,23.64002
169.25693,23.330317
169.49985,23.65812
169.74293,22.875817
169.9862,24.034188
170.22963,31.816993
170.47325,42.598291
170.71703,47.517345
170.96099,48.217195
171.20513,52.504776
171.44943,56.983409
171.69392,53.868276
171.93857,85.347411
172.1834,100
172.42841,100
172.67359,100
172.91894,100
173.16447,100
173.41017,100
173.65605,100
173.9021,100
174.14832,100
174.39472,100
174.64129,100
174.88804,100
175.13496,100
175.38206,99.851181
175.62932,98.381096
175.87677,97.019608
176.12439,97.546506
176.37218,96.995475
176.62014,94.708899
176.86828,88.219206
177.1166,67.69633
177.36509,43.967823
177.61375,34.487682
177.86259,30.851684
178.1116,27.911513
178.36079,26.039216
178.61014,28.697838
178.85968,34.988436
179.10939,40.649573
179.35927,54.602313
179.60933,74.690799
179.85956,45.309201
180.10996,33.437908
180.36054,98.519859
180.61129,100
180.86222,100
181.11332,100
181.3646,100
181.61605,100
181.86767,100
182.11947,100
182.37144,100
182.62359,100
182.87591,100
183.12841,100
183.38108,99.991956
183.63392,99.945701
183.88694,99.080945
184.14013,94.523881
184.39349,83.086978
184.64703,56.880845
184.90075,33.97084
185.15464,19.698341
185.4087,15.768728
185.66294,14.471594
185.91735,13.375566
186.17193,12.532931
186.42669,11.90548
186.68163,11.205631
186.93673,10.640523
187.19202,10.244344
187.44747,9.9004525
187.7031,9.7958773
187.95891,10.097536
188.21489,10.61639
188.47104,10.813474
188.72737,10.632479
188.98387,10.497738
189.24054,10.465561
189.49739,10.471594
189.75442,10.441428
190.01162,10.391151
190.26899,10.397185
190.52654,10.320764
190.78426,10.226244
191.04215,10.550025
191.30022,11.541478
191.55846,12.949221
191.81688,14.640523
192.07547,15.080945
192.33424,13.073906
192.59318,11.579688
192.85229,18.97637
193.11158,46.78733
193.37104,76.635495
193.63068,87.217697
193.89049,84.243338
194.15048,67.937657
194.41064,48.597285
194.67097,34.926094
194.93148,26.718954
195.19216,21.484163
195.45302,17.832076
195.71405,15.668175
195.97525,14.431373
196.23663,13.639015
196.49818,13.369532
196.75991,13.506285
197.02181,14.053293
197.28389,14.714932
197.54614,15.776772
197.80856,20.943188
198.07116,32.782303
198.33393,44.812469
198.59688,49.681247
198.86,58.499749
199.12329,85.202614
199.38676,99.529412
199.6504,100
199.91422,100
200.17821,100
200.44238,99.537456
200.70672,96.482655
200.97123,91.080945
201.23592,82.863751
201.50078,73.379588
201.76582,64.748115
202.03103,54.936149
202.29642,44.866767
202.56198,33.033685
202.82771,22.942182
203.09362,16.542986
203.3597,12.544997
203.62595,10.266466
203.89238,8.9190548
204.15899,8.0402212
204.42577,7.5515334
204.69272,7.239819
204.95985,7.0367019
205.22715,6.8577174
205.49462,6.7611865
205.76227,6.6606335
206.0301,6.5862242
206.2981,6.5580694
206.56627,6.5681247
206.83461,6.6485671
207.10313,6.7189542
207.37183,6.7913524
207.6407,6.9441931
207.90974,7.0527903
208.17896,7.1895425
208.44835,7.4147813
208.71791,7.7888386
208.98765,8.0744093
209.25757,8.2212167
209.52766,8.3780794
209.79792,8.9532428
210.06836,9.9225742
210.33897,10.743087
210.60975,10.984414
210.88071,10.270488
211.15184,9.1664153
211.42315,9.2327803
211.69463,13.085973
211.96629,21.600804
212.23812,29.347411
212.51012,31.555556
212.7823,28.414279
213.05465,22.95827
213.32718,18.157868
213.59988,15.078934
213.87276,12.989442
214.14581,11.513323
214.41903,10.449472
214.69243,9.8019105
214.966,9.3655103
215.23975,9.1101056
215.51367,9.0035194
215.78776,9.1764706
216.06203,9.6832579
216.33647,10.041227
216.61109,10.137758
216.88588,10.097536
217.16085,10.077426
217.43598,10.02916
217.7113,10.167924
217.98679,11.356461
218.26245,12.921066
218.53829,13.186526
218.8143,12.317748
219.09048,11.310206
219.36684,10.570136
219.64337,9.950729
219.92008,9.6088487
220.19696,10.147813
220.47402,12.044243
220.75125,14.234289
221.02865,14.115636
221.30623,12.331825
221.58398,14.628457
221.86191,31.213675
222.14001,64.551031
222.41828,83.05279
222.69673,81.36551
222.97536,68.643539
223.25415,54.077426
223.53313,43.344394
223.81227,33.484163
224.09159,24.134741
224.37109,18.69281
224.65076,15.837104
224.9306,14.33082
225.21061,13.301156
225.49081,12.134741
225.77117,11.58371
226.05171,14.988436
226.33242,27.076923
226.61331,43.680241
226.89437,52.862745
227.17561,52.098542
227.45702,44.118653
227.73861,34.50176
228.02036,26.761187
228.3023,21.733534
228.5844,18.163901
228.86669,15.255907
229.14914,13.562594
229.43177,13.184515
229.71457,13.3454
229.99755,13.146305
230.28071,12.697838
230.56403,12.120664
230.84753,11.491202
231.13121,10.803419
231.41506,10.449472
231.69908,10.340875
231.98328,10.234289
232.26765,10.177979
232.55219,10.204123
232.83691,10.204123
233.12181,10.242333
233.40688,10.56008
233.69212,11.314228
233.97754,11.851181
234.26313,11.845148
234.54889,11.933635
234.83483,12.17094
235.12095,12.289593
235.40723,12.540975
235.69369,13.293112
235.98033,14.230266
236.26714,14.76722
236.55413,14.950226
236.84128,14.998492
237.12862,15.531423
237.41612,18.813474
237.70381,27.915535
237.99166,38.254399
238.27969,41.637004
238.56789,41.15636
238.85627,40.748115
239.14482,38.395173
239.43355,33.661136
239.72245,28.553042
240.01153,23.88537
240.30077,19.794872
240.5902,16.979387
240.87979,15.432881
241.16957,14.433384
241.45951,13.769734
241.74963,14.415284
242.03993,16.070387
242.33039,16.683761
242.62104,16.05631
242.91185,15.448969
243.20284,15.163399
243.49401,14.628457
243.78535,14.08547
244.07686,14.190045
244.36855,15.123177
244.66041,18.948215
244.95245,26.469583
245.24466,30.314731
245.53704,27.861237
245.8296,23.452991
246.12233,19.766717
246.41524,16.764203
246.70832,14.35093
247.00158,12.874811
247.295,12.0181
247.58861,11.362494
247.88239,10.962293
248.17634,10.851684
248.47046,10.821518
248.76476,10.789341
249.05924,10.86174
249.35389,11.016591
249.64871,11.034691
249.94371,11.103067
250.23888,11.442936
250.53422,11.806938
250.82974,12.014077
251.12544,12.223228
251.42131,12.534942
251.71735,12.945199
252.01356,13.522373
252.30996,14.222222
252.60652,14.662645
252.90326,15.181498
253.20017,17.142283
253.49726,19.991956
253.79452,21.602815
254.09196,21.671192
254.38957,20.822524
254.68735,19.465058
254.98531,18.443439
255.28344,19.330317
255.58175,21.46003
255.88023,23.03268
256.17888,25.419809
256.47771,30.224233
256.77672,34.371041
257.0759,35.424837
257.37525,33.333333
257.67477,28.802413
257.97447,23.511312
258.27435,19.686275
258.5744,17.449975
258.87462,15.82906
259.17502,14.743087
259.47559,14.190045
259.77633,14.206134
260.07725,14.439417
260.37835,15.020613
260.67961,15.985923
260.98106,17.856209
261.28267,24.231272
261.58446,36.231272
261.88643,44.120664
262.18857,44.323781
262.49088,41.767722
262.79337,38.127702
263.09603,33.07994
263.39886,28.166918
263.70187,24.528909
264.00506,21.415787
264.30842,18.74912
264.61195,17.277024
264.91565,16.432378
265.21954,15.67823
265.52359,15.253896
265.82782,15.239819
266.13222,15.139266
266.4368,14.889894
266.74155,14.755153
267.04648,14.765209
267.35158,14.598291
267.65685,14.541981
267.9623,14.731021
268.26792,14.928105
268.57372,15.537456
268.87969,16.498743
269.18584,17.015586
269.49216,17.19457
269.79865,17.628959
270.10532,18.087481
270.41216,18.515837
270.71917,20.400201
271.02637,23.770739
271.33373,25.868276
271.64127,28.086476
271.94898,32.750126
272.25687,36.762192
272.56493,37.526395
272.87316,36.126697
273.18157,33.618904
273.49016,29.918552
273.79892,26.980392
274.10785,25.240825
274.41696,23.330317
274.72624,21.371543
275.03569,19.722474
275.34532,17.964806
275.65512,16.211161
275.9651,15.07089
276.27525,14.485671
276.58558,14.083459
276.89608,14.079437
277.20675,14.393162
277.5176,14.513826
277.82862,14.552036
278.13982,14.984414
278.45119,15.346405
278.76273,15.597788
279.07445,16.148819
279.38635,17.098039
279.69841,19.181498
280.01066,25.753645
280.32307,35.728507
280.63566,41.055807
280.94843,41.482152
281.26137,40.124686
281.57448,36.305681
281.88777,31.410759
282.20123,28.404223
282.51486,26.594268
282.82867,24.35998
283.14265,22.44545
283.45681,21.401709
283.77114,20.498743
284.08565,19.414781
284.40033,18.612368
284.71519,17.628959
285.03021,16.450478
285.34542,15.911513
285.6608,15.660131
285.97635,15.455003
286.29207,15.845148
286.60797,16.231272
286.92405,16.309703
287.24029,16.462544
287.55672,16.997486
287.87331,17.268979
288.19008,18.594268
288.50703,21.657114
288.82415,23.239819
289.14144,22.807441
289.45891,21.966817
289.77655,20.921066
290.09437,20.424334
290.41236,22.431373
290.73052,24.748115
291.04886,24.357969
291.36737,23.249874
291.68606,22.40724
292.00492,20.850679
292.32395,19.161388
292.64316,17.934641
292.96255,16.945199
293.2821,16.062343
293.60184,15.521368
293.92174,15.358472
294.24182,16.042232
294.56208,19.105078
294.88251,23.330317
295.20311,25.258924
295.52389,25.351433
295.84484,25.124183
296.16596,25.641026
296.48726,29.996983
296.80874,40.446456
297.13038,51.286073
297.45221,60.898944
297.7742,75.362494
298.09637,87.714429
298.41872,91.31825
298.74124,88.597285
299.06393,78.821518
299.3868,64.500754
299.70984,53.073906
300.03305,46.268477
300.35644,40.462544
300.68001,36.080442
301.00375,34.003017
301.32766,32.164907
301.65174,31.925591
301.97601,33.834087
302.30044,34.055304
302.62505,33.178482
302.94983,33.262946
303.27479,32.931121
303.59992,32.874811
303.92523,35.650075
304.25071,38.714932
304.57636,39.557567
304.90219,42.726998
305.22819,48.79638
305.55437,52.168929
305.88072,51.955757
306.20725,61.735546
306.53395,97.524384
306.86082,100
307.18787,100
307.51509,100
307.84249,100
308.17006,100
308.4978,100
308.82572,100
309.15381,100
309.48208,100
309.81052,100
310.13914,100
310.46793,100
310.79689,99.985923
311.12603,99.740573
311.45534,97.992961
311.78483,81.429864
312.11449,59.404726
312.44432,49.632981
312.77433,43.475113
313.10452,36.357969
313.43487,31.201609
313.7654,27.949723
314.09611,25.655103
314.42699,24.528909
314.75804,24.261438
315.08927,25.081951
315.42068,28.174962
315.75225,31.046757
316.084,31.300151
316.41593,29.55455
316.74803,26.759175
317.0803,23.706385
317.41275,21.329311
317.74537,19.798894
318.07817,18.606335
318.41114,17.813977
318.74428,17.512318
319.0776,17.643037
319.41109,18.360985
319.74476,19.340372
320.0786,19.881347
320.41262,20.573152
320.74681,21.42182
321.08117,21.632981
321.41571,22.453494
321.75042,24.518854
322.08531,27.64002
322.42037,34.600302
322.7556,44.016088
323.09101,47.863248
323.42659,47.505279
323.76235,46.610357
324.09828,43.714429
324.43439,40.18904
324.77067,39.366516
325.10712,39.726496
325.44375,39.933635
325.78055,40.577174
326.11753,39.400704
326.45468,35.903469
326.792,32.197084
327.1295,28.68175
327.46718,25.458019
327.80502,23.396682
328.14305,22.395173
328.48124,22.242333
328.81961,23.181498
329.15816,24.050277
329.49687,24.39819
329.83577,25.423831
330.17483,27.559578
330.51407,32.593263
330.85349,42.244344
331.19308,48.687783
331.53284,50.747109
331.87278,54.664656
332.21289,56.255405
332.55318,52.894922
332.89364,50.36903
333.23427,48.22725
333.57508,44.645551
333.91607,41.628959
334.25722,38.519859
334.59855,34.469583
334.94006,30.515837
335.28174,27.097034
335.62359,24.597285
335.96562,23.746606
336.30782,23.702363
336.6502,23.25993
336.99275,22.566114
337.33548,22.025138
337.67837,23.097034
338.02145,28.219206
338.36469,35.680241
338.70812,40.448467
339.05171,41.892408
339.39548,40.595274
339.73943,37.204625
340.08354,35.107089
340.42784,35.513323
340.7723,36.466566
341.11694,38.53997
341.46176,40.85269
341.80675,40.319759
342.15191,38.618401
342.49725,36.627451
342.84276,33.409754
343.18845,30.10357
343.53431,27.054801
343.88034,24.361991
344.22655,22.771242
344.57293,22.467572
344.91949,22.901961
345.26622,24.323781
345.61313,26.049271
345.96021,26.761187
346.30746,27.422826
346.65489,30.771242
347.00249,42.789341
347.35027,67.827049
347.69822,85.739568
348.04634,87.133233
348.39464,85.377577
348.74311,90.204123
349.09176,99.072901
349.44058,100
349.78958,100
350.13875,100
350.48809,100
350.83761,100
351.1873,100
351.53717,100
351.88721,99.523379
352.23742,95.253896
352.58781,85.28909
352.93838,63.61991
353.28911,42.097536
353.64003,32.784314
353.99111,27.249874
354.34237,24.540975
354.69381,25.216692
355.04541,28.293615
355.3972,31.485168
355.74915,34.974359
356.10128,37.453997
356.45359,37.464052
356.80607,36.573152
357.15872,35.131222
357.51155,32.904977
357.86455,30.89995
358.21773,29.069884
358.57108,28.279537
358.9246,29.102061
359.2783,30.125691
359.63217,32.58723
359.98622,35.845148
360.34044,37.037707
360.69484,37.377577
361.04941,37.178482
361.40415,35.091001
361.75907,32.299648
362.11416,29.401709
362.46943,26.099548
362.82487,23.016591
363.18048,20.884867
363.53627,19.14731
363.89224,18.12368
364.24837,17.789844
364.60468,17.514329
364.96117,17.878331
365.31783,18.867773
365.67466,20.522876
366.03167,23.457014
366.38885,25.677225
366.74621,26.523881
367.10374,27.316239
367.46145,27.891403
367.81933,29.643037
368.17738,33.409754
368.53561,36.034188
368.89401,38.324786
369.25259,41.065862
369.61134,41.397687
369.97026,40.792358
370.32936,40.277526
370.68863,37.910508
371.04808,35.211664
371.4077,33.568627
371.76749,32.430367
372.12746,33.063851
372.48761,34.377074
372.84793,34.127702
373.20842,33.866264
373.56908,34.499749
373.92992,34.552036
374.29094,34.485671
374.65213,34.065359
375.01349,32.955254
375.37503,33.222725
375.73674,36.504776
376.09862,46.177979
376.46068,59.79085
376.82292,71.473102
377.18533,87.350427
377.54791,96.603318
377.91067,97.729512
378.2736,97.476119
378.6367,96.098542
378.99998,87.841126
379.36343,73.836099
379.72706,61.110106
380.09086,49.729512
380.45484,40.983409
380.81899,34.497738
381.18331,29.95274
381.54781,27.483157
381.91248,26.817496
382.27733,28.732026
382.64235,34.558069
383.00755,40.41629
383.37292,44.078431
383.73846,47.483157
384.10418,49.303167
384.47007,48.575163
384.83613,47.183509
385.20237,44.20915
385.56879,40.772247
385.93538,39.276018
386.30214,42.033183
386.66908,50.381096
387.03619,56.329814
387.40347,55.589744
387.77093,52.921066
388.13857,49.980895
388.50638,47.768728
388.87436,48.295626
389.24251,48.185018
389.61084,45.962795
389.97935,43.338361
390.34803,40.494721
390.71688,38.487682
391.08591,37.083962
391.45511,35.171443
391.82449,34.960282
392.19404,38.475616
392.56376,49.252891
392.93366,68.917044
393.30373,83.169432
393.67398,84.923077
394.0444,99.048768
394.41499,100
394.78576,100
395.1567,100
395.52782,100
395.89911,100
396.27058,100
396.64222,100
397.01403,100
397.38602,100
397.75819,100
398.13052,100
398.50303,100
398.87572,100
399.24858,100
399.62161,99.973856
399.99482,98.871795
400.3682,92.291604
400.74176,74.837607
401.11549,32.086476
401.48939,34.658622
401.86347,39.022624
402.23772,39.623932
402.61215,37.552539
402.98675,32.715938
403.36153,28.046254
403.73648,24.404223
404.1116,21.321267
404.4869,19.1091
404.86237,17.771745
405.23802,17.355455
405.61384,17.234791
405.98983,16.826546
406.366,16.408245
406.74235,15.808949
407.11886,15.093012
407.49556,14.525892
407.87242,14.023127
408.24946,13.624937
408.62668,13.66918
409.00406,14.423328
409.38163,16.211161
409.75936,17.787833
410.13727,18.385118
410.51536,18.80543
410.89362,18.72901
411.27205,18.40724
411.65066,18.276521
412.02944,17.864253
412.4084,17.789844
412.78753,18.135747
413.16683,18.302665
413.54631,18.99447
413.92596,20.653595
414.30579,24.251383
414.68579,29.777778
415.06597,33.671192
415.44632,35.690297
415.82684,36.414279
416.20754,35.467069
416.58841,34.893917
416.96946,35.18552
417.35068,35.983912
417.73207,37.659125
418.11364,37.256913
418.49538,34.690799
418.8773,31.587733
419.25939,28.026144
419.64166,24.8909
420.0241,22.365008
420.40671,20.066365
420.7895,18.302665
421.17246,17.019608
421.5556,16.239316
421.93891,15.987934
422.32239,16.07642
422.70605,16.376068
423.08989,16.975365
423.47389,17.36551
423.85808,17.632981
424.24243,17.848165
424.62696,17.564605
425.01167,17.124183
425.39654,16.697838
425.7816,16.388135
426.16682,16.428356
426.55222,16.593263
426.9378,17.188537
427.32355,17.87632
427.70947,18.543992
428.09557,19.831071
428.48184,21.468074
428.86829,23.487179
429.25491,25.719457
429.6417,27.274007
430.02867,29.120161
430.41582,30.716943
430.80313,31.806938
431.19062,32.945199
431.57829,32.655606
431.96613,31.796883
432.35414,31.529412
432.74233,31.551533
433.13069,33.134238
433.51923,35.221719
433.90794,36.794369
434.29682,37.586727
434.68588,35.535445
435.07512,31.742584
435.46452,27.750628
435.85411,24.138763
436.24386,21.560583
436.63379,19.859226
437.0239,18.606335
437.41417,17.745601
437.80463,17.373555
438.19525,17.671192
438.58605,18.244344
438.97703,18.413273
439.36818,18.724987
439.7595,19.953746
440.151,22.743087
440.54267,26.033183
440.93452,27.561589
441.32654,28.0181
441.71873,28.116642
442.1111,27.760684
442.50364,27.555556
442.89636,27.213675
443.28925,26.554047
443.68232,25.729512
444.07556,24.440422
444.46897,23.018602
444.86256,21.586727
445.25632,20.408245
445.65026,19.814982
446.04437,19.306184
446.43865,18.89995
446.83311,19.080945
447.22774,18.940171
447.62255,18.662645
448.01753,18.208145
448.41269,17.733534
448.80802,17.570639
449.20352,17.063851
449.5992,16.384113
449.99505,15.883358
450.39108,15.531423
450.78728,15.617898
451.18365,15.635998
451.5802,15.738562
451.97693,15.931624
452.37382,16.176973
452.77089,16.66365
453.16814,17.150327
453.56556,17.604827
453.96315,18.14178
454.36092,18.795375
454.75887,19.843137
455.15698,21.132227
455.55527,22.250377
455.95374,23.863248
456.35238,26.216189
456.75119,30.564103
457.15018,35.384615
457.54934,38.988436
457.94868,43.199598
458.34819,46.403218
458.74787,48.185018
459.14773,48.768225
459.54776,46.546003
459.94797,42.491704
460.34835,37.677225
460.74891,33.218703
461.14964,29.494218
461.55054,26.322775
461.95162,23.722474
462.35287,22.035194
462.7543,21.443942
463.1559,21.240825
463.55767,20.267471
463.95962,18.92006
464.36174,17.616893
464.76404,16.730015
465.16651,16.144796
465.56916,15.515334
465.97198,15.064857
466.37497,15.002514
466.77814,15.286073
467.18148,16.002011
467.585,16.880845
467.98869,17.616893
468.39256,18.322775
468.79659,19.139266
469.20081,20.679739
469.6052,22.574158
470.00976,23.495224
470.41449,23.82906
470.8194,23.770739
471.22449,23.845148
471.62975,24.243338
472.03518,24.251383
472.44079,24.136752
472.84657,24.136752
473.25252,24.744093
473.65865,25.683258
474.06496,26.216189
474.47143,27.354449
474.87809,29.441931
475.28491,34.089492
475.69191,39.503268
476.09909,41.126194
476.50644,40.269482
476.91396,37.643037
477.32166,34.10357
477.72953,30.726998
478.13757,27.509301
478.54579,25.242836
478.95419,23.726496
479.36275,22.286576
479.7715,21.210659
480.18041,20.301659
480.5895,19.726496
480.99877,19.261941
481.40821,18.718954
481.81782,18.465561
482.22761,18.409251
482.63757,18.765209
483.04771,19.692308
483.45802,22.232278
483.8685,25.848165
484.27916,27.798894
484.68999,28.931121
485.101,30.153846
485.51218,32.004022
485.92353,36.267471
486.33506,40.108597
486.74677,41.124183
487.15864,40.006033
487.5707,37.262946
487.98292,33.771745
488.39532,30.127702
488.8079,26.950226
489.22064,24.408245
489.63357,22.809452
490.04666,22.535948
490.45994,22.461538
490.87338,22.184012
491.287,21.882353
491.70079,21.351433
492.11476,20.734037
492.5289,20.064354
492.94322,19.730518
493.35771,19.370538
493.77238,18.980392
494.18722,18.827552
494.60223,18.558069
495.01742,18.515837
495.43278,18.517848
495.84831,18.566114
496.26402,18.630468
496.67991,18.875817
497.09596,19.764706
497.5122,20.766214
497.9286,21.785822
498.34518,22.789341
498.76194,23.509301
499.17887,24.750126
499.59597,25.751634
500.01325,26.769231
500.4307,27.911513
500.84833,28.331825
501.26613,29.108095
501.6841,31.463047
502.10225,37.220714
502.52057,44.211161
502.93907,46.948215
503.35774,47.153343
503.77659,47.080945
504.1956,48.977376
504.6148,53.242836
505.03417,55.129211
505.45371,53.747612
505.87342,49.653092
506.29331,43.623932
506.71338,37.508296
507.13362,32.249372
507.55403,28.319759
507.97462,25.663147
508.39538,23.742584
508.81631,22.395173
509.23742,21.590749
509.65871,21.224736
510.08017,20.961287
510.5018,20.699849
510.92361,20.349925
511.34559,20.343891
511.76774,20.774258
512.19007,20.886878
512.61257,21.192559
513.03525,21.685269
513.4581,22.091503
513.88113,22.471594
514.30433,22.700855
514.7277,23.660131
515.15125,25.618904
515.57497,30.155857
515.99887,37.347411
516.42294,42.443439
516.84719,44.446456
517.2716,44.176973
517.6962,43.231775
518.12097,43.788839
518.54591,48.217195
518.97102,57.375566
519.39631,64.593263
519.82178,66.200101
520.24742,63.917547
520.67323,58.769231
521.09922,52.468577
521.52538,46.391151
521.95171,40.878834
522.37822,36.070387
522.80491,32.239316
523.23176,29.59276
523.6588,27.933635
524.086,27.276018
524.51338,27.366516
524.94094,28.046254
525.36867,30.157868
525.79657,34.992459
526.22465,40.269482
526.6529,42.113625
527.08132,41.918552
527.50992,40.15083
527.9387,37.287079
528.36765,34.155857
528.79677,30.676722
529.22606,27.754651
529.65553,25.425842
530.08518,23.967823
530.515,23.056812
530.94499,22.451483
531.37516,22.44545
531.8055,22.558069
532.23602,22.511815
532.66671,22.461538
533.09757,22.282554
533.52861,21.912519
533.95982,21.596782
534.39121,21.480141
534.82277,21.419809
535.25451,21.882353
535.68641,22.962293
536.1185,24.452489
536.55076,26.065359
536.98319,26.948215
537.41579,27.16541
537.84857,27.489191
538.28153,28.603318
538.71466,29.518351
539.14796,29.397687
539.58144,29.693313
540.01509,31.179487
540.44891,34.127702
540.88291,35.921569
541.31709,36.494721
541.75144,36.343891
542.18596,35.25993
542.62065,34.684766
543.05552,34.996481
543.49057,36.71996
543.92579,38.996481
544.36118,42.883861
544.79675,48.502765
545.23249,50.99447
545.66841,50.177979
546.1045,47.875314
546.54076,44.366013
546.9772,40.599296
547.41381,37.198592
547.8506,34.702866
548.28756,32.542986
548.72469,31.076923
549.162,30.147813
549.59949,29.464052
550.03714,29.02363
550.47498,28.488688
550.91298,27.698341
551.35116,26.905983
551.78952,26.857717
552.22804,26.916038
552.66675,26.773253
553.10562,26.143791
553.54468,25.208648
553.9839,24.394168
554.4233,23.537456
554.86287,23.076923
555.30262,22.716943
555.74254,22.065359
556.18264,21.319256
556.62291,20.661639
557.06335,20.275515
557.50397,19.883358
557.94477,19.893414
558.38573,20.460533
558.82688,21.409754
559.26819,22.425339
559.70968,23.199598
560.15134,23.835093
560.59318,24.040221
561.03519,24.802413
561.47738,26.019105
561.91974,27.125189
562.36228,28.307692
562.80499,29.61086
563.24787,31.364505
563.69093,33.602815
564.13416,37.486174
564.57756,41.598793
565.02114,44.231272
565.4649,45.425842
565.90883,44.675716
566.35293,42.769231
566.79721,39.88537
567.24166,36.577174
567.68628,33.136249
568.13108,29.920563
568.57606,27.302162
569.0212,24.975365
569.46652,23.58371
569.91202,22.956259
570.35769,23.1272
570.80354,25.077929
571.24955,29.399698
571.69575,33.427853
572.14211,35.072901
572.58866,35.521368
573.03537,34.680744
573.48226,32.742081
573.92932,30.415284
574.37656,28.524887
574.82397,26.970337
575.27156,25.43992
575.71932,24.183007
576.16726,23.330317
576.61536,23.093012
577.06365,23.229764
577.5121,23.366516
577.96074,23.41277
578.40954,23.37456
578.85852,23.440925
579.30768,23.434892
579.757,23.320261
580.20651,23.278029
580.65618,23.589744
581.10603,23.664153
581.55606,24.098542
582.00626,25.158371
582.45663,27.358472
582.90718,30.340875
583.3579,31.481146
583.8088,30.907994
584.25987,29.30719
584.71111,27.515334
585.16253,25.737557
585.61412,24.464555
586.06589,23.975867
586.51783,24.327803
586.96995,26.473605
587.42224,29.576672
587.8747,33.273002
588.32734,37.596782
588.78015,43.629965
589.23313,53.206637
589.6863,66.499749
590.13963,78.849673
590.59314,82.622423
591.04682,79.965812
591.50068,73.38361
591.95471,64.927099
592.40892,56.225239
592.86329,48.394168
593.31785,42.608346
593.77258,38.222222
594.22748,34.556058
594.68256,31.342383
595.13781,29.244847
595.59323,27.77275
596.04883,26.566114
596.5046,25.500251
596.96055,24.500754
597.41667,23.60181
597.87297,22.839618
598.32944,22.36903
598.78608,21.902464
599.2429,21.685269
599.69989,21.540473
600.15706,21.586727
600.6144,22.00905
601.07192,22.515837
601.52961,23.770739
601.98747,26.652589
602.44551,32.032177
602.90372,37.779789
603.3621,43.501257
603.82066,48.269482
604.2794,50.310709
604.73831,50.101559
605.19739,48.249372
605.65665,45.884364
606.11608,43.457014
606.57568,41.745601
607.03546,41.550528
607.49542,43.088989
607.95554,45.067873
608.41585,46.360985
608.87632,47.812971
609.33697,52.03821
609.7978,56.480644
610.2588,56.599296
610.71997,53.538462
611.18132,48.476621
611.64284,42.642534
612.10453,37.206637
612.5664,32.402212
613.02845,28.723982
613.49067,26.630468
613.95306,26.019105
614.41563,26.956259
614.87837,28.639517
615.34128,29.600804
615.80437,30.986425
616.26763,34.338864
616.73107,41.540473
617.19468,49.70538
617.65847,53.884364
618.12243,54.290598
618.58656,52.058321
619.05087,48.900955
619.51535,45.496229
619.98001,42.375063
620.44484,39.909502
620.90985,38.893917
621.37503,39.579688
621.84038,43.038713
622.30591,48.347914
622.77161,51.111111
623.23749,50.455505
623.70354,47.565611
624.16976,44.082453
624.63616,40.846657
625.10273,38.322775
625.56948,36.404223
626.0364,34.873806
626.5035,33.186526
626.97077,31.286073
627.43821,29.785822
627.90583,28.792358
628.37362,28.595274
628.84159,28.882856
629.30973,29.238813
629.77804,29.42182
630.24653,29.759678
630.71519,30.650578
631.18403,32.653595
631.65304,34.74912
632.12223,36.223228
632.59159,37.683258
633.06112,39.251885
633.53083,41.124183
634.00071,41.980895
634.47077,42.121669
634.941,42.399196
635.41141,43.131222
635.88199,42.916038
636.35274,41.697335
636.82367,39.847159
637.29477,37.711413
637.76604,35.183509
638.23749,32.671694
638.70912,30.208145
639.18092,28.259427
639.65289,26.885872
640.12504,25.578683
640.59736,24.329814
641.06985,23.420814
641.54252,22.887883
642.01537,22.690799
642.48838,23.316239
642.96158,24.816491
643.43494,27.714429
643.90848,30.813474
644.3822,32.512821
644.85609,33.972851
645.33015,36.172951
645.80439,39.913524
646.2788,42.821518
646.75338,43.756662
647.22814,43.833082
647.70308,43.762695
648.17819,43.487179
648.65347,42.970337
649.12892,42.169935
649.60456,41.279035
650.08036,40.078431
650.55634,38.741076
651.03249,38.059326
651.50882,37.980895
651.98532,37.805933
652.462,36.623429
652.93885,35.247863
653.41587,33.657114
653.89307,31.50729
654.37044,29.226747
654.84799,27.402715
655.32571,25.719457
655.80361,24.408245
656.28168,23.505279
656.75992,23.247863
657.23834,23.895425
657.71693,25.661136
658.19569,28.176973
658.67463,30.240322
659.15375,31.845148
659.63304,33.333333
660.1125,35.481146
660.59214,37.530417
661.07195,38.226244
661.55193,37.777778
662.03209,37.202614
662.51243,36.559075
662.99294,35.306184
663.47362,33.996983
663.95447,32.75817
664.43551,31.869281
664.91671,31.133233
665.39809,30.590246
665.87964,30.055304
666.36137,29.703369
666.84327,29.566616
667.32535,30.097536
667.8076,30.932127
668.29002,31.237808
668.77262,30.606335
669.25539,29.787833
669.73834,28.98542
670.22146,28.756159
670.70475,28.995475
671.18822,29.260935
671.67187,29.860231
672.15568,30.680744
672.63968,31.831071
673.12384,33.697335
673.60818,38.121669
674.0927,48.794369
674.57738,66.105581
675.06225,79.595777
675.54728,82.851684
676.0325,80.599296
676.51788,74.948215
677.00344,67.028658
677.48917,58.988436
677.97508,52.138763
678.46116,46.88185
678.94742,42.765209
679.43385,39.227753
679.92045,37.053796
680.40723,35.855204
680.89419,34.580191
681.38131,32.971342
681.86861,31.157366
682.35609,29.140271
682.84374,27.24183
683.33156,25.864253
683.81956,24.894922
684.30773,24.197084
684.79608,24.112619
685.2846,24.382102
685.7733,25.092006
686.26217,26.021116
686.75121,26.966315
687.24043,28.100553
687.72982,28.772247
688.21938,29.252891
688.70912,30.143791
689.19904,31.434892
689.68913,32.54902
690.17939,33.836099
690.66983,36.185018
691.16044,39.855204
691.65122,42.696833
692.14218,44.146807
692.63331,45.713424
693.12462,48.92911
693.6161,52.11463
694.10776,52.856712
694.59959,51.269985
695.09159,47.827049
695.58377,43.603821
696.07613,39.837104
696.56865,37.17446
697.06135,35.925591
697.55423,34.901961
698.04728,33.375566
698.5405,31.84917
699.0339,30.487682
699.52747,29.560583
700.02122,28.862745
700.51514,28.657617
701.00923,29.305178
701.5035,30.78733
701.99795,32.279537
702.49256,33.66918
702.98736,35.676219
703.48232,38.698844
703.97746,40.975365
704.47277,41.166415
704.96826,39.812971
705.46393,37.828054
705.95976,35.581699
706.45577,33.283057
706.95196,31.326295
707.44832,29.884364
707.94485,28.798391
708.44156,27.993967
708.93844,27.521368
709.4355,27.613876
709.93273,28.128708
710.43013,28.906988
710.92771,29.846154
711.42546,30.258421
711.92339,30.061337
712.42149,29.287079
712.91976,28.345902
713.41821,27.569633
713.91684,27.286073
714.41563,27.565611
714.91461,28.195073
715.41375,29.657114
715.91307,32.100553
716.41257,33.817999
716.91224,34.278532
717.41208,34.005028
717.9121,33.817999
718.41229,33.411765
718.91265,33.260935
719.41319,33.445953
719.91391,33.860231
720.4148,33.900452
720.91586,33.490196
721.41709,32.575163
721.9185,31.599799
722.42009,30.889894
722.92185,30.377074
723.42378,29.884364
723.92589,29.542484
724.42817,29.749623
724.93063,31.217697
725.43326,33.492207
725.93606,34.918049
726.43904,34.89995
726.94219,33.753645
727.44552,32.420312
727.94902,31.187531
728.45269,30.17999
728.95654,29.494218
729.46057,29.033685
729.96476,29.128205
730.46914,29.626948
730.97368,30.198089
731.4784,31.310206
731.9833,32.991453
732.48837,34.910005
732.99361,36.158874
733.49902,36.573152
734.00462,36.53092
734.51038,35.955757
735.01632,34.69281
735.52243,33.393665
736.02872,32.32177
736.53518,31.485168
737.04182,30.889894
737.54863,30.626445
738.05562,30.974359
738.56277,32.482655
739.07011,36.353947
739.57762,43.527401
740.0853,50.053293
740.59315,53.053796
741.10118,52.319759
741.60939,49.244847
742.11776,45.395676
742.62632,41.920563
743.13504,39.183509
743.64394,36.961287
744.15302,35.559578
744.66227,35.271996
745.17169,35.157366
745.68129,34.531926
746.19106,33.413776
746.70101,32.193062
747.21113,30.811463
747.72142,29.578683
748.23189,28.687783
748.74253,28.490699
749.25335,28.842634
749.76434,29.888386
750.2755,31.684263
750.78684,33.715435
751.29836,35.306184
751.81005,36.160885
752.32191,36.28356
752.83394,35.442936
753.34615,34.041227
753.85854,32.585219
754.3711,31.452991
754.88383,30.89995
755.39674,30.401207
755.90982,29.916541
756.42307,29.590749
756.9365,29.512318
757.45011,29.363499
757.96388,29.186526
758.47784,28.991453
758.99196,29.3273
759.50626,29.815988
760.02074,30.171946
760.53539,30.338864
761.05021,30.875817
761.56521,31.565611
762.08038,31.804927
762.59573,31.551533
763.11125,31.012569
763.62694,30.590246
764.14281,30.175968
764.65885,29.737557
765.17507,29.484163
765.69146,29.504274
766.20802,29.753645
766.72476,30.079437
767.24168,30.453494
767.75876,31.024635
768.27602,31.985923
768.79346,32.832579
769.31107,32.989442
769.82886,32.969331
770.34681,32.85269
770.86495,32.58723
771.38325,32.050277
771.90173,31.036702
772.42039,29.824032
772.93922,28.494721
773.45822,27.332328
773.9774,26.552036
774.49675,25.976873
775.01628,25.3454
775.53598,25.192559
776.05585,25.445953
776.5759,26.143791
777.09613,27.780794
777.61652,30.936149
778.13709,34.664656
778.65784,37.474108
779.17876,39.060835
779.69985,39.139266
780.22112,38.250377
780.74256,36.902966
781.26418,35.758673
781.78597,35.237808
782.30794,35.193565
782.83008,35.042735
783.35239,34.739065
783.87488,34.680744
784.39754,34.779286
784.92037,34.747109
785.44338,34.342886
785.96657,33.578683
786.48993,32.557064
787.01346,30.847662
787.53717,28.94721
788.06105,27.304173
788.5851,25.709402
789.10933,24.368024
789.63373,23.384615
790.15831,22.700855
790.68306,21.954751
791.20799,21.576672
791.73309,21.783811
792.25836,22.722976
792.78381,23.987934
793.30944,25.586727
793.83523,27.993967
794.3612,31.028658
794.88735,34.533937
795.41367,39.084967
795.94016,47.139266
796.46683,57.773756
796.99367,65.445953
797.52069,67.52539
798.04788,64.826546
798.57525,59.529412
799.10278,53.377577
799.6305,47.479135
800.15838,42.576169
800.68645,38.379085
801.21468,34.887883
801.74309,32.279537
802.27168,30.546003
802.80043,28.92911
803.32937,27.265963
803.85847,25.928607
804.38775,25.11815
804.91721,24.446456
805.44684,23.730518
805.97664,23.091001
806.50662,23.024635
807.03677,22.964304
807.5671,22.928105
808.0976,23.376571
808.62827,24.39819
809.15912,25.898441
809.69014,28.148819
810.22134,31.609854
810.75271,36.430367
811.28426,40.728004
811.81597,43.231775
812.34787,44.207139
812.87994,43.821016
813.41218,42.525892
813.94459,40.285571
814.47718,37.643037
815.00995,35.123177
815.54289,32.81448
816.076,30.642534
816.60929,28.605329
817.14275,26.974359
817.67638,25.659125
818.21019,24.488688
818.74418,23.662142
819.27834,22.952237
819.81267,22.622423
820.34718,22.6546
820.88186,22.52187
821.41671,22.306687
821.95174,22.42735
822.48694,22.777275
823.02232,23.326295
823.55787,23.90548
824.0936,24.522876
824.6295,24.943188
825.16557,25.337355
825.70182,25.675214
826.23824,25.886375
826.77484,26.320764
827.31161,26.809452
827.84856,27.145299
828.38567,27.432881
828.92297,27.346405
829.46044,26.610357
829.99808,25.753645
830.53589,25.067873
831.07388,24.428356
831.61205,23.959779
832.15039,23.45098
832.6889,22.869784
833.22759,22.385118
833.76645,22.081448
834.30548,22.057315
834.84469,22.177979
835.38408,22.33082
835.92363,22.50176
836.46337,22.714932
837.00327,23.099045
837.54335,23.690297
838.08361,24.532931
838.62404,25.500251
839.16464,26.429361
839.70542,27.101056
840.24637,27.638009
840.78749,28.070387
841.32879,28.05631
841.87027,27.591755
842.41192,27.117144
842.95374,26.594268
843.49574,25.755656
844.03791,24.66365
844.58025,23.557567
845.12277,22.841629
845.66546,22.214178
846.20833,21.512318
846.75137,21.037707
847.29459,20.906988
847.83798,21.019608
848.38154,21.047763
848.92528,21.196581
849.46919,21.956762
850.01328,23.253896
850.55754,24.661639
851.10198,26.266466
851.64659,28.098542
852.19137,29.828054
852.73633,31.432881
853.28146,32.908999
853.82677,34.451483
854.37225,35.889392
854.9179,36.384113
855.46373,35.742584
856.00973,34.660633
856.55591,33.178482
857.10226,31.384615
857.64879,29.413776
858.19549,27.581699
858.74236,26.117647
859.28941,24.810458
859.83663,23.436903
860.38403,22.50176
860.9316,22.139769
861.47934,21.832076
862.02726,21.500251
862.57535,21.291101
863.12362,21.437908
863.67206,22.177979
864.22068,23.366516
864.76947,24.514832
865.31843,25.653092
865.86757,26.614379
866.41688,27.587733
866.96637,28.567119
867.51603,29.413776
868.06587,30.541981
868.61588,32.180995
869.16606,33.785822
869.71642,34.495726
870.26695,34.071393
870.81765,32.959276
871.36853,31.231775
871.91959,29.419809
872.47082,27.911513
873.02222,26.467572
873.5738,25.073906
874.12555,24.004022
874.67747,23.402715
875.22957,23.161388
875.78185,23.097034
876.3343,22.889894
876.88692,23.038713
877.43971,23.666164
877.99268,24.748115
878.54583,26.282554
879.09915,28.299648
879.65264,31.358472
880.20631,36.919055
880.76015,45.015586
881.31416,51.969834
881.86835,55.1272
882.42272,54.475616
882.97726,51.446958
883.53197,47.686275
884.08686,43.883358
884.64192,41.00553
885.19715,39.370538
885.75256,38.137758
886.30814,36.563097
886.8639,34.556058
887.41983,32.374057
887.97594,30.16189
888.53222,28.315737
889.08867,26.552036
889.6453,25.349422
890.2021,24.894922
890.75908,25.166415
891.31623,26.250377
891.87356,27.505279
892.43106,28.168929
892.98873,28.496732
893.54658,28.538964
894.1046,28.975365
894.6628,30.46355
895.22117,32.949221
895.77971,35.390649
896.33843,37.202614
896.89732,38.914027
897.45639,40.683761
898.01563,42.537959
898.57505,45.548517
899.13463,50.821518
899.6944,55.819005
900.25434,57.359477
900.81445,55.975867
901.37474,52.458522
901.9352,48.233283
902.49583,43.812971
903.05664,39.175465
903.61762,35.103067
904.17878,32.162896
904.74011,29.811966
905.30162,27.816993
905.8633,26.391151
906.42515,25.59276
906.98718,25.351433
907.54938,25.530417
908.11176,26.175968
908.67431,26.698844
909.23703,27.145299
909.79993,27.929613
910.36301,29.246858
910.92625,31.16541
911.48968,33.944696
912.05327,37.492207
912.61704,43.267974
913.18099,54.083459
913.74511,69.715435
914.3094,81.594771
914.87386,85.275013
915.43851,83.404726
916.00332,77.081951
916.56831,67.656109
917.13347,57.68728
917.69881,49.482152
918.26432,42.660633
918.83001,37.333333
919.39587,33.594771
919.96191,30.940171
920.52811,28.571141
921.0945,26.924082
921.66105,25.755656
922.22779,24.818502
922.79469,24.203117
923.36177,23.897436
923.92902,23.837104
924.49645,24.010055
925.06406,24.32177
925.63183,24.589241
926.19978,24.736048
926.76791,25.003519
927.33621,25.417798
927.90468,25.976873
928.47333,26.529915
929.04215,27.249874
929.61114,28.020111
930.18031,29.085973
930.74966,29.902464
931.31918,29.916541
931.88887,29.339367
932.45874,28.339869
933.02878,27.284062
933.59899,26.385118
934.16938,25.606838
934.73995,24.98542
935.31068,24.538964
935.88159,24.042232
936.45268,23.893414
937.02394,23.802916
937.59538,23.788839
938.16698,23.654098
938.73877,23.664153
939.31072,23.919558
939.88286,24.13273
940.45516,24.211161
941.02764,24.17094
941.60029,24.589241
942.17312,25.574661
942.74612,26.157868
943.3193,26.2363
943.89265,26.314731
944.46618,26.439417
945.03987,26.167924
945.61375,25.468074
946.18779,25.007541
946.76202,24.713927
947.33641,24.20915
947.91098,23.96179
948.48573,23.786828
949.06064,23.483157
949.63574,23.434892
950.211,23.282051
950.78644,22.97637
951.36206,22.867773
951.93785,22.46355
952.51381,21.753645
953.08995,21.335344
953.66626,21.168426
954.24275,20.979387
954.81941,20.868778
955.39624,21.057818
955.97325,21.453997
956.55043,21.785822
957.12779,22.304676
957.70532,23.14731
958.28303,24.504776
958.8609,26.379085
959.43896,28.148819
960.01719,29.124183
960.59559,29.102061
961.17416,28.428356
961.75291,27.720463
962.33184,26.863751
962.91094,25.880342
963.49021,24.987431
964.06966,23.945701
964.64928,23.117144
965.22907,22.433384
965.80904,21.884364
966.38919,21.586727
966.96951,21.361488
967.55,21.230769
968.13067,21.178482
968.71151,21.216692
969.29252,21.220714
969.87371,21.001508
970.45507,20.776269
971.03661,20.820513
971.61832,21.162393
972.20021,21.433886
972.78227,21.904475
973.3645,22.505782
973.94691,22.960282
974.52949,23.131222
975.11225,23.446958
975.69518,23.561589
976.27829,23.694319
976.86156,23.579688
977.44502,23.282051
978.02865,22.948215
978.61245,22.724987
979.19642,22.099548
979.78057,21.643037
980.3649,21.30719
980.9494,20.908999
981.53407,20.870789
982.11892,21.04173
982.70394,21.464052
983.28913,21.934641
983.8745,22.718954
984.46005,24.345902
985.04576,26.238311
985.63166,27.613876
986.21772,28.225239
986.80396,28.078431
987.39038,27.37456
987.97697,26.556058
988.56373,25.779789
989.15067,24.822524
989.73778,23.987934
990.32506,23.332328
990.91252,22.702866
991.50016,22.216189
992.08797,21.739568
992.67595,21.528406
993.2641,21.351433
993.85244,20.997486
994.44094,20.673705
995.02962,20.323781
995.61847,20.126697
996.2075,20.122675
996.7967,20.241327
997.38608,20.325792
997.97563,20.390146
998.56535,20.502765
999.15525,20.860734
999.74532,21.458019
1000.3356,21.996983
1000.926,22.624434
1001.5166,23.694319
1002.1074,25.003519
1002.6983,25.882353
1003.2894,25.956762
1003.8807,25.447964
1004.4722,24.661639
1005.0638,23.758673
1005.6556,22.827552
1006.2476,22.31272
1006.8398,21.944696
1007.4321,21.397687
1008.0246,21.031674
1008.6173,20.868778
1009.2102,20.623429
1009.8032,20.378079
1010.3964,20.251383
1010.9898,20.390146
1011.5834,20.764203
1012.1771,21.168426
1012.771,21.480141
1013.3651,21.822021
1013.9593,22.254399
1014.5538,22.626445
1015.1484,23.097034
1015.7431,24.032177
1016.3381,25.946707
1016.9332,28.197084
1017.5285,29.3454
1018.124,29.321267
1018.7196,28.728004
1019.3154,27.627954
1019.9114,26.344897
1020.5076,24.941176
1021.1039,23.700352
1021.7005,22.704877
1022.2972,22.017094
1022.894,21.741579
1023.4911,21.540473
1024.0883,21.425842
1024.6857,21.761689
1025.2832,22.348919
1025.881,22.775264
1026.4789,23.113122
1027.077,23.690297
1027.6752,24.374057
1028.2737,25.196581
1028.8723,26.248366
1029.471,27.833082
1030.07,30.720965
1030.6691,36.028155
1031.2684,42.441428
1031.8679,46.40724
1032.4676,47.201609
1033.0674,45.196581
1033.6674,41.357466
1034.2676,37.387632
1034.8679,33.57265
1035.4684,30.425339
1036.0691,27.997989
1036.67,26.005028
1037.2711,24.434389
1037.8723,23.296129
1038.4737,22.383107
1039.0752,21.817999
1039.677,22.08547
1040.2789,22.556058
1040.881,23.28004
1041.4833,24.53092
1042.0857,26.083459
1042.6883,27.81096
1043.2911,28.981398
1043.8941,29.484163
1044.4972,29.490196
1045.1005,29.098039
1045.704,28.56913
1046.3077,28.072398
1046.9115,27.776772
1047.5155,27.302162
1048.1197,26.48366
1048.724,25.462041
1049.3286,24.299648
1049.9333,23.088989
1050.5382,22.147813
1051.1432,21.524384
1051.7484,21.150327
1052.3538,21.437908
1052.9594,21.928607
1053.5652,22.395173
1054.1711,22.942182
1054.7772,23.276018
1055.3835,23.511312
1055.9899,23.754651
1056.5965,24.183007
1057.2033,24.647562
1057.8103,25.367521
1058.4174,26.282554
1059.0247,27.278029
1059.6322,28.345902
1060.2399,28.919055
1060.8477,28.884867
1061.4558,29.003519
1062.0639,28.693816
1062.6723,27.897436
1063.2808,26.877828
1063.8896,25.968829
1064.4984,24.939165
1065.1075,23.831071
1065.7167,23.119155
1066.3261,22.584213
1066.9357,22.109603
1067.5455,22.117647
1068.1554,22.877828
1068.7655,24.162896
1069.3758,25.671192
1069.9862,27.452991
1070.5969,28.957265
1071.2077,29.691302
1071.8186,29.614882
1072.4298,29.094017
1073.0411,28.392157
1073.6526,27.953746
1074.2643,27.732529
1074.8761,27.455003
1075.4882,27.674208
1076.1004,28.166918
1076.7127,28.345902
1077.3253,28.22725
1077.938,27.557567
1078.5509,26.495726
1079.1639,25.453997
1079.7772,24.355958
1080.3906,23.503268
1081.0042,22.897939
1081.6179,22.537959
1082.2319,22.379085
1082.846,22.252388
1083.4603,22.415284
1084.0747,22.984414
1084.6894,24.41629
1085.3042,26.171946
1085.9192,28.277526
1086.5343,31.455003
1087.1496,36.130719
1087.7651,41.882353
1088.3808,46.387129
1088.9967,48.034188
1089.6127,46.84364
1090.2289,43.599799
1090.8453,39.227753
1091.4618,35.567622
1092.0786,32.621418
1092.6954,30.069382
1093.3125,27.843137
1093.9298,26.220211
1094.5472,24.906988
1095.1648,23.784816
1095.7826,22.924082
1096.4005,22.344897
1097.0186,22.02916
1097.6369,21.578683
1098.2554,21.168426
1098.874,20.915033
1099.4928,20.991453
1100.1118,21.299145
1100.731,21.962795
1101.3503,23.159377
1101.9698,24.931121
1102.5895,27.131222
1103.2094,28.752137
1103.8294,29.848165
1104.4496,30.590246
1105.07,30.548014
1105.6905,29.624937
1106.3113,28.235294
1106.9322,27.012569
1107.5532,26.133736
1108.1745,25.011564
1108.7959,23.975867
1109.4175,23.356461
1110.0393,22.753142
1110.6613,22.083459
1111.2834,21.435897
1111.9057,20.908999
1112.5281,20.468577
1113.1508,20.084465
1113.7736,19.788839
1114.3966,19.567622
1115.0198,19.465058
1115.6431,19.322272
1116.2666,19.097034
1116.8903,19.026647
1117.5142,19.193565
1118.1382,19.338361
1118.7624,19.459025
1119.3868,19.613876
1120.0114,19.750628
1120.6361,20.032177
1121.261,20.424334
1121.8861,20.669683
1122.5114,20.603318
1123.1368,20.440422
1123.7624,20.366013
1124.3882,20.233283
1125.0142,20.052288
1125.6403,19.945701
1126.2666,19.825038
1126.8931,19.5455
1127.5197,19.290096
1128.1466,19.117144
1128.7736,19.086978
1129.4007,19.187531
1130.0281,19.29814
1130.6556,19.400704
1131.2833,19.360483
1131.9112,19.211664
1132.5392,18.903972
1133.1674,18.747109
1133.7958,18.74912
1134.4244,18.731021
1135.0531,18.606335
1135.6821,18.507793
1136.3111,18.471594
1136.9404,18.423328
1137.5698,18.433384
1138.1995,18.513826
1138.8293,18.403218
1139.4592,18.336853
1140.0893,18.244344
1140.7197,18.063348
1141.3501,18.073404
1141.9808,18.393162
1142.6116,18.608346
1143.2426,18.56008
1143.8738,18.873806
1144.5052,19.571644
1145.1367,20.128708
1145.7684,20.307692
1146.4003,20.512821
1147.0323,20.514832
1147.6646,20.317748
1148.297,20.074409
1148.9295,20.020111
1149.5623,19.784816
1150.1952,19.24183
1150.8283,18.948215
1151.4616,18.950226
1152.095,19.024635
1152.7286,18.992459
1153.3624,18.952237
1153.9964,18.934138
1154.6306,18.922071
1155.2649,19.159377
1155.8994,19.485168
1156.534,19.644042
1157.1689,19.712418
1157.8039,19.750628
1158.4391,19.997989
1159.0744,20.434389
1159.71,21.02363
1160.3457,21.546506
1160.9816,21.628959
1161.6176,21.558572
1162.2538,21.397687
1162.8903,21.273002
1163.5268,20.943188
1164.1636,20.41629
1164.8005,19.877325
1165.4376,19.535445
1166.0749,19.290096
1166.7124,19.159377
1167.35,18.946204
1167.9878,18.724987
1168.6258,18.773253
1169.2639,19.119155
1169.9022,19.64002
1170.5407,20.26546
1171.1794,21.045752
1171.8182,22.157868
1172.4573,23.39266
1173.0965,24.112619
1173.7358,24.237305
1174.3754,24.026144
1175.0151,23.889392
1175.655,23.800905
1176.295,23.654098
1176.9353,23.521368
1177.5757,23.181498
1178.2163,22.940171
1178.857,22.642534
1179.498,22.208145
1180.1391,21.713424
1180.7804,21.148316
1181.4218,20.438411
1182.0635,19.873303
1182.7053,19.766717
1183.3472,19.543489
1183.9894,19.231775
1184.6317,19.276018
1185.2742,19.599799
1185.9169,20.142785
1186.5598,20.987431
1187.2028,22.177979
1187.846,23.567622
1188.4894,24.85269
1189.1329,25.894419
1189.7766,27.155354
1190.4205,28.894922
1191.0646,30.135747
1191.7088,30.668678
1192.3533,30.546003
1192.9979,29.691302
1193.6426,28.299648
1194.2876,26.849673
1194.9327,25.47813
1195.578,24.223228
1196.2234,23.113122
1196.8691,22.276521
1197.5149,21.552539
1198.1609,20.923077
1198.807,20.464555
1199.4534,20.168929
1200.0999,20.05631
1200.7466,20.408245
1201.3934,21.06184
1202.0405,21.936652
1202.6877,23.475113
1203.335,25.550528
1203.9826,28.931121
1204.6303,34.409251
1205.2782,40.60734
1205.9263,44.711916
1206.5746,45.576672
1207.223,43.9819
1207.8716,40.850679
1208.5204,37.341378
1209.1693,33.735546
1209.8184,30.338864
1210.4677,27.690297
1211.1172,25.655103
1211.7668,23.941679
1212.4167,22.395173
1213.0667,21.315234
1213.7168,20.637506
1214.3672,19.901458
1215.0177,19.37456
1215.6684,19.24183
1216.3192,19.376571
1216.9703,19.567622
1217.6215,19.81096
1218.2729,20.245349
1218.9244,20.730015
1219.5762,21.305178
1220.2281,21.89643
1220.8802,22.755153
1221.5324,23.758673
1222.1849,24.347914
1222.8375,24.343891
1223.4902,23.883358
1224.1432,23.008547
1224.7963,22.107592
1225.4496,21.23278
1226.1031,20.418301
1226.7568,19.833082
1227.4106,19.314228
1228.0646,18.785319
1228.7188,18.2182
1229.3731,17.976873
1230.0276,18.033183
1230.6823,18.135747
1231.3372,18.322775
1231.9922,18.550025
1232.6475,19.022624
1233.3029,19.605832
1233.9584,20.233283
1234.6142,20.784314
1235.2701,20.941176
1235.9262,20.904977
1236.5824,20.697838
1237.2389,20.424334
1237.8955,20.279537
1238.5523,20.060332
1239.2092,19.746606
1239.8664,19.457014
1240.5237,19.091001
1241.1812,18.698844
1241.8388,18.338864
1242.4967,17.936652
1243.1547,17.564605
1243.8128,17.375566
1244.4712,17.359477
1245.1297,17.273002
1245.7884,17.409754
1246.4473,17.699346
1247.1064,17.996983
1247.7656,18.310709
1248.425,18.708899
1249.0846,19.131222
1249.7443,19.851181
1250.4042,20.653595
1251.0643,21.258924
1251.7246,21.381599
1252.385,21.077929
1253.0457,20.579186
1253.7064,20.032177
1254.3674,19.410759
1255.0286,18.924082
1255.6899,18.401207
1256.3514,17.815988
1257.013,17.620915
1257.6749,17.530417
1258.3369,17.488185
1258.9991,17.443942
1259.6614,17.30719
1260.324,17.315234
1260.9867,17.53645
1261.6496,17.759678
1262.3126,17.888386
1262.9758,17.916541
1263.6392,18.081448
1264.3028,18.356963
1264.9666,18.322775
1265.6305,18.27451
1266.2946,18.443439
1266.9589,18.467572
1267.6233,18.310709
1268.288,18.019105
1268.9528,17.862242
1269.6177,17.713424
1270.2829,17.522373
1270.9482,17.377577
1271.6137,17.206637
1272.2794,17.142283
1272.9452,17.449975
1273.6112,17.639015
1274.2774,17.755656
1274.9438,18.206134
1275.6103,18.799397
1276.2771,19.346405
1276.9439,19.786828
1277.611,19.907491
1278.2783,19.646053
1278.9457,19.404726
1279.6132,19.173454
1280.281,18.817496
1280.9489,18.505782
1281.6171,18.238311
1282.2853,17.934641
1282.9538,17.647059
1283.6224,17.580694
1284.2912,17.653092
1284.9602,17.68728
1285.6294,17.637004
1286.2987,17.659125
1286.9682,17.775767
1287.6379,17.737557
1288.3077,17.731523
1288.9778,17.795877
1289.648,17.769734
1290.3183,17.872298
1290.9889,18.167924
1291.6596,18.419306
1292.3305,18.548014
1293.0016,18.803419
1293.6728,19.133233
1294.3442,19.137255
1295.0158,18.831574
1295.6876,18.580191
1296.3595,18.367019
1297.0316,18.089492
1297.7039,17.920563
1298.3764,17.745601
1299.049,17.556561
1299.7218,17.568627
1300.3948,17.643037
1301.068,17.729512
1301.7413,17.791855
1302.4148,17.868276
1303.0885,18.278532
1303.7624,18.602313
1304.4364,18.61639
1305.1106,18.636501
1305.785,18.80543
1306.4595,19.145299
1307.1343,19.81096
1307.8092,20.637506
1308.4843,21.375566
1309.1595,21.594771
1309.8349,21.242836
1310.5105,20.641528
1311.1863,20.030166
1311.8622,19.58371
1312.5384,19.215686
1313.2147,18.889894
1313.8911,18.684766
1314.5678,18.704877
1315.2446,18.608346
1315.9216,18.566114
1316.5988,18.74912
1317.2761,18.833585
1317.9536,19.121166
1318.6313,19.444947
1319.3092,19.816993
1319.9872,20.287582
1320.6654,20.74007
1321.3438,21.765711
1322.0224,23.235797
1322.7011,24.56913
1323.38,25.397687
1324.0591,25.126194
1324.7384,24.251383
1325.4178,23.322272
1326.0974,22.270488
1326.7772,21.132227
1327.4571,20.406234
1328.1372,19.827049
1328.8176,19.362494
1329.498,19.078934
1330.1787,18.992459
1330.8595,18.86174
1331.5405,18.930116
1332.2217,19.362494
1332.903,19.953746
1333.5845,20.313725
1334.2662,20.659628
1334.9481,21.047763
1335.6302,21.089995
1336.3124,20.987431
1336.9948,20.609351
1337.6773,20.394168
1338.3601,20.22725
1339.043,19.921569
1339.7261,19.603821
1340.4093,19.28004
1341.0928,18.996481
1341.7764,18.714932
1342.4602,18.652589
1343.1441,18.612368
1343.8283,18.741076
1344.5126,18.936149
1345.1971,19.14731
1345.8817,19.261941
1346.5666,19.328306
1347.2516,19.356461
1347.9367,19.442936
1348.6221,19.499246
1349.3076,19.648064
1349.9933,20.104575
1350.6792,20.396179
1351.3652,20.629462
1352.0515,20.826546
1352.7379,20.762192
1353.4244,20.619407
1354.1112,20.464555
1354.7981,20.178984
1355.4852,19.893414
1356.1725,19.477124
1356.8599,19.050779
1357.5475,18.857717
1358.2353,18.606335
1358.9233,18.56008
1359.6114,18.757164
1360.2998,19.322272
1360.9882,19.931624
1361.6769,20.494721
1362.3657,20.752137
1363.0548,20.788336
1363.7439,20.71996
1364.4333,20.605329
1365.1228,20.551031
1365.8125,20.613374
1366.5024,21.047763
1367.1925,21.47813
1367.8827,21.691302
1368.5731,21.68728
1369.2637,21.325289
1369.9545,21.11815
1370.6454,20.804424
1371.3365,20.269482
1372.0278,19.75264
1372.7192,19.388638
1373.4108,19.133233
1374.1026,19.026647
1374.7946,18.895928
1375.4868,18.932127
1376.1791,19.477124
1376.8716,20.504776
1377.5642,21.731523
1378.2571,23.613876
1378.9501,25.966817
1379.6433,27.75264
1380.3367,28.573152
1381.0302,27.957768
1381.7239,26.640523
1382.4178,25.238813
1383.1119,24.004022
1383.8061,23.010558
1384.5005,22.127702
1385.1951,21.160382
1385.8899,20.476621
1386.5848,20.0181
1387.2799,19.52539
1387.9752,18.93816
1388.6706,18.487682
1389.3663,18.079437
1390.0621,17.830065
1390.7581,17.902464
1391.4542,17.988939
1392.1505,18.049271
1392.847,18.320764
1393.5437,19.167421
1394.2406,20.126697
1394.9376,20.884867
1395.6348,21.61086
1396.3322,21.844143
1397.0297,21.753645
1397.7274,21.496229
1398.4253,20.977376
1399.1234,20.243338
1399.8216,19.589744
1400.5201,19.022624
1401.2187,18.477627
1401.9174,18.109603
1402.6164,17.719457
1403.3155,17.281046
1404.0148,16.894922
1404.7142,16.597285
1405.4139,16.458522
1406.1137,16.351936
1406.8137,16.430367
1407.5138,16.470588
1408.2142,16.565108
1408.9147,16.687783
1409.6153,17.031674
1410.3162,17.142283
1411.0172,17.359477
1411.7184,17.55455
1412.4198,17.707391
1413.1214,17.747612
1413.8231,17.691302
1414.525,17.733534
1415.2271,17.594771
1415.9293,17.224736
1416.6318,16.937154
1417.3344,16.711916
1418.0371,16.374057
1418.7401,16.195073
1419.4432,16.110608
1420.1465,16.122675
1420.85,16.128708
1421.5536,16.05631
1422.2574,16.217195
1422.9614,16.315737
1423.6656,16.382102
1424.3699,16.382102
1425.0744,16.259427
1425.7791,16.195073
1426.484,16.211161
1427.189,16.215184
1427.8942,16.068376
1428.5996,15.927602
1429.3052,15.957768
1430.0109,15.991956
1430.7168,15.985923
1431.4229,15.893414
1432.1292,15.750628
1432.8356,15.800905
1433.5422,15.953746
1434.249,16.052288
1434.9559,16.158874
1435.6631,16.376068
1436.3704,16.711916
1437.0778,16.898944
1437.7855,16.975365
1438.4933,16.868778
1439.2013,16.800402
1439.9095,16.798391
1440.6178,16.583208
1441.3263,16.374057
1442.035,16.390146
1442.7439,16.213172
1443.4529,15.909502
1444.1622,15.756662
1444.8716,15.660131
1445.5811,15.629965
1446.2909,15.666164
1447.0008,15.843137
1447.7109,16.080442
1448.4211,16.180995
1449.1316,16.30367
1449.8422,16.691805
1450.553,17.192559
1451.2639,17.534439
1451.9751,17.711413
1452.6864,17.828054
1453.3978,17.892408
1454.1095,17.691302
1454.8213,17.490196
1455.5333,17.184515
1456.2455,16.804424
1456.9579,16.480644
1457.6704,16.275515
1458.3831,16.102564
1459.096,15.891403
1459.809,15.823027
1460.5222,16.036199
1461.2356,16.213172
1461.9492,16.486677
1462.663,17.037707
1463.3769,17.673203
1464.091,18.208145
1464.8052,18.481649
1465.5197,18.491704
1466.2343,18.310709
1466.9491,18.413273
1467.6641,18.397185
1468.3792,18.278532
1469.0945,18.222222
1469.81,18.133736
1470.5257,17.735546
1471.2415,17.299145
1471.9575,16.96732
1472.6737,16.611362
1473.3901,16.343891
1474.1066,16.261438
1474.8233,16.305681
1475.5402,16.273504
1476.2572,16.470588
1476.9745,16.898944
1477.6919,17.449975
1478.4095,18.055304
1479.1272,18.877828
1479.8451,19.708396
1480.5632,20.448467
1481.2815,21.104072
1482,21.759678
1482.7186,22.055304
1483.4374,21.856209
1484.1564,21.433886
1484.8755,20.838612
1485.5948,20.225239
1486.3143,19.50729
1487.034,18.628457
1487.7538,18.145802
1488.4739,17.82001
1489.194,17.526395
1489.9144,17.381599
1490.6349,17.484163
1491.3557,17.661136
1492.0765,17.926596
1492.7976,18.360985
1493.5188,19.080945
1494.2403,20.183007
1494.9618,21.900452
1495.6836,24.394168
1496.4055,27.205631
1497.1276,29.069884
1497.8499,29.399698
1498.5724,28.478632
1499.295,26.851684
1500.0178,25.128205
1500.7408,23.404726
1501.4639,21.924585
1502.1873,20.601307
1502.9108,19.706385
1503.6345,19.072901
1504.3583,18.326797
1505.0823,17.89643
1505.8065,17.699346
1506.5309,17.739568
1507.2554,17.651081
1507.9802,17.600804
1508.7051,17.717446
1509.4301,17.87632
1510.1554,17.922574
1510.8808,18.264454
1511.6064,18.801408
1512.3321,19.370538
1513.0581,19.84917
1513.7842,19.971845
1514.5105,19.730518
1515.2369,19.191554
1515.9636,18.636501
1516.6904,18.057315
1517.4174,17.637004
1518.1445,17.3454
1518.8719,17.043741
1519.5994,16.842634
1520.3271,16.746104
1521.0549,16.671694
1521.7829,16.615385
1522.5111,16.585219
1523.2395,16.776269
1523.9681,17.085973
1524.6968,17.164404
1525.4257,17.236802
1526.1548,17.323278
1526.884,17.379588
1527.6135,17.339367
1528.3431,17.379588
1529.0728,17.30719
1529.8028,17.106083
1530.5329,17.019608
1531.2632,16.931121
1531.9937,16.647562
1532.7243,16.418301
1533.4551,16.406234
1534.1861,16.287582
1534.9173,16.136752
1535.6486,16.078431
1536.3801,16.042232
1537.1118,16.086476
1537.8437,16.078431
1538.5757,16.138763
1539.3079,16.329814
1540.0403,16.603318
1540.7729,16.959276
1541.5056,17.317245
1542.2385,17.405732
1542.9716,17.500251
1543.7048,17.427853
1544.4383,17.260935
1545.1719,16.92911
1545.9057,16.589241
1546.6396,16.500754
1547.3737,16.319759
1548.108,16.054299
1548.8425,15.881347
1549.5772,15.792861
1550.312,15.738562
1551.047,15.623932
1551.7822,15.493213
1552.5175,15.414781
1553.253,15.422826
1553.9887,15.446958
1554.7246,15.489191
1555.4606,15.670186
1556.1968,15.720463
1556.9332,15.881347
1557.6698,15.839115
1558.4065,15.845148
1559.1434,15.84917
1559.8805,15.859226
1560.6178,15.804927
1561.3552,15.786828
1562.0928,15.720463
1562.8306,15.660131
1563.5686,15.603821
1564.3067,15.541478
1565.045,15.533434
1565.7835,15.623932
1566.5222,15.676219
1567.261,15.788839
1568,15.883358
1568.7392,15.855204
1569.4785,15.857215
1570.2181,15.788839
1570.9578,15.756662
1571.6976,15.577677
1572.4377,15.46908
1573.1779,15.491202
1573.9183,15.569633
1574.6589,15.459025
1575.3996,15.452991
1576.1405,15.43087
1576.8816,15.46908
1577.6229,15.577677
1578.3643,15.597788
1579.106,15.744595
1579.8478,16.424334
1580.5897,17.538462
1581.3319,18.628457
1582.0742,19.161388
1582.8167,19.099045
1583.5593,18.533937
1584.3022,17.894419
1585.0452,17.325289
1585.7883,16.748115
1586.5317,16.281549
1587.2752,16.012066
1588.0189,15.814982
1588.7628,15.64002
1589.5069,15.428859
1590.2511,15.390649
1590.9955,15.402715
1591.7401,15.426848
1592.4848,15.380593
1593.2298,15.294118
1593.9749,15.129211
1594.7201,15.233786
1595.4656,15.390649
1596.2112,15.533434
1596.957,15.670186
1597.703,16.004022
1598.4491,16.382102
1599.1955,16.806435
1599.9419,17.108095
1600.6886,17.067873
1601.4355,16.979387
1602.1825,16.858723
1602.9297,16.54902
1603.677,16.20915
1604.4246,16.034188
1605.1723,15.997989
1605.9202,15.947712
1606.6682,15.823027
1607.4165,15.800905
1608.1649,15.957768
1608.9135,15.997989
1609.6622,15.949723
1610.4112,16.191051
1611.1603,16.440422
1611.9095,16.75817
1612.659,17.393665
1613.4086,18.230266
1614.1584,18.712921
1614.9084,18.869784
1615.6586,18.726998
1616.4089,18.240322
1617.1594,17.749623
1617.9101,17.256913
1618.6609,16.83459
1619.4119,16.478632
1620.1631,16.193062
1620.9145,16.108597
1621.666,16.006033
1622.4178,16.122675
1623.1697,16.339869
1623.9217,16.559075
1624.674,16.840623
1625.4264,17.065862
1626.179,17.106083
1626.9317,17.053796
1627.6847,17.055807
1628.4378,16.969331
1629.1911,17.007541
1629.9445,17.075918
1630.6982,16.937154
1631.452,16.500754
1632.206,16.245349
1632.9601,16.016088
1633.7145,15.893414
1634.469,15.780794
1635.2237,15.839115
1635.9785,15.786828
1636.7335,15.77275
1637.4887,15.933635
1638.2441,16.154852
1638.9997,16.104575
1639.7554,16.148819
1640.5113,16.464555
1641.2674,16.788336
1642.0236,17.00553
1642.78,17.110106
1643.5366,17.10005
1644.2934,17.154349
1645.0504,17.120161
1645.8075,16.806435
1646.5648,16.468577
1647.3222,16.241327
1648.0799,16.066365
1648.8377,15.768728
1649.5957,15.613876
1650.3538,15.668175
1651.1122,15.700352
1651.8707,15.861237
1652.6294,16.231272
1653.3882,16.349925
1654.1473,16.538964
1654.9065,16.723982
1655.6659,16.822524
1656.4254,16.921066
1657.1852,17.136249
1657.9451,17.325289
1658.7052,17.321267
1659.4654,17.405732
1660.2258,17.417798
1660.9864,17.246858
1661.7472,16.866767
1662.5082,16.47461
1663.2693,16.277526
1664.0306,16.134741
1664.7921,16.058321
1665.5537,15.933635
1666.3155,16.106586
1667.0775,16.331825
1667.8397,16.850679
1668.6021,17.737557
1669.3646,18.803419
1670.1273,19.977878
1670.8901,20.858723
1671.6532,21.186526
1672.4164,21.015586
1673.1798,20.152841
1673.9434,19.304173
1674.7071,18.622423
1675.471,17.874309
1676.2351,17.200603
1676.9994,16.711916
1677.7638,16.394168
1678.5284,15.94369
1679.2932,15.535445
1680.0581,15.529412
1680.8233,15.499246
1681.5886,15.388638
1682.3541,15.410759
1683.1197,15.487179
1683.8855,15.688286
1684.6515,16.223228
1685.4177,16.611362
1686.1841,17.089995
1686.9506,17.429864
1687.7173,17.524384
1688.4842,17.443942
1689.2512,17.104072
1690.0184,16.627451
1690.7858,16.295626
1691.5534,15.963801
1692.3212,15.487179
1693.0891,15.099045
1693.8572,14.974359
1694.6254,14.944193
1695.3939,14.61639
1696.1625,14.467572
1696.9313,14.50176
1697.7002,14.447461
1698.4694,14.300654
1699.2387,14.40724
1700.0082,14.598291
1700.7778,14.660633
1701.5477,14.708899
1702.3177,14.851684
1703.0879,14.867773
1703.8582,14.86174
1704.6288,14.779286
1705.3995,14.765209
1706.1704,14.676722
1706.9414,14.50176
1707.7126,14.226244
1708.484,14.043238
1709.2556,14.041227
1710.0274,13.994972
1710.7993,13.91453
1711.5714,13.902464
1712.3437,13.848165
1713.1161,13.882353
1713.8887,13.83811
1714.6615,13.715435
1715.4345,13.673203
1716.2076,13.689291
1716.981,13.570639
1717.7545,13.530417
1718.5281,13.556561
1719.302,13.385621
1720.076,13.417798
1720.8502,13.492207
1721.6245,13.419809
1722.3991,13.287079
1723.1738,13.323278
1723.9487,13.528406
1724.7237,13.550528
1725.499,13.574661
1726.2744,13.550528
1727.05,13.512318
1727.8257,13.689291
1728.6017,13.811966
1729.3778,13.787833
1730.154,13.647059
1730.9305,13.57265
1731.7071,13.500251
1732.4839,13.423831
1733.2609,13.3454
1734.0381,13.154349
1734.8154,13.089995
1735.5929,13.071895
1736.3706,12.941176
1737.1484,13.015586
1737.9264,13.277024
1738.7046,13.405732
1739.483,13.273002
1740.2615,13.431875
1741.0403,13.645048
1741.8191,13.55455
1742.5982,13.801911
1743.3775,14.055304
1744.1569,14.007039
1744.9365,13.882353
1745.7162,13.832076
1746.4962,13.713424
1747.2763,13.586727
1748.0566,13.51634
1748.837,13.277024
1749.6177,13.077929
1750.3985,13.102061
1751.1795,13.075918
1751.9606,13.202614
1752.7419,13.309201
1753.5234,13.522373
1754.3051,13.707391
1755.087,14.027149
1755.869,14.159879
1756.6512,14.230266
1757.4336,14.107592
1758.2161,14.033183
1758.9989,14.119658
1759.7818,14.10357
1760.5648,13.844143
1761.3481,13.755656
1762.1315,13.637004
1762.9151,13.502262
1763.6989,13.425842
1764.4828,13.146305
1765.2669,13.009553
1766.0512,13.071895
1766.8357,13.063851
1767.6203,13.196581
1768.4052,13.530417
1769.1901,13.962795
1769.9753,14.264454
1770.7606,14.632479
1771.5462,15.026647
1772.3318,15.593766
1773.1177,15.941679
1773.9037,16.146807
1774.6899,15.875314
1775.4763,15.672197
1776.2629,15.229764
1777.0496,14.831574
1777.8365,14.580191
1778.6236,14.266466
1779.4109,14.117647
1780.1983,13.860231
1780.9859,13.600804
1781.7737,13.528406
1782.5616,13.787833
1783.3497,14.075415
1784.138,14.356963
1784.9265,14.839618
1785.7152,15.883358
1786.504,17.524384
1787.293,19.312217
1788.0822,20.579186
1788.8715,21.357466
1789.661,20.981398
1790.4507,20.203117
1791.2406,19.233786
1792.0306,18.031171
1792.8208,16.806435
1793.6112,15.758673
1794.4018,15.022624
1795.1925,14.262443
1795.9834,14.31272
1796.7745,14.093514
1797.5658,13.834087
1798.3572,13.524384
1799.1488,13.411765
1799.9406,13.534439
1800.7326,13.713424
1801.5247,13.840121
1802.317,14.188034
1803.1095,14.698844
1803.9021,15.149321
1804.695,15.519356
1805.488,15.380593
1806.2811,14.978381
1807.0745,14.799397
1807.868,14.367019
1808.6617,13.994972
1809.4556,13.737557
1810.2496,13.293112
1811.0439,12.904977
1811.8383,12.711916
1812.6328,12.534942
1813.4276,12.384113
1814.2225,12.544997
1815.0176,12.627451
1815.8128,12.60734
1816.6083,12.518854
1817.4039,12.58723
1818.1997,12.822524
1818.9957,13.027652
1819.7918,13.146305
1820.5881,13.128205
1821.3846,13.144294
1822.1813,12.983409
1822.9781,12.734037
1823.7751,12.565108
1824.5723,12.488688
1825.3696,12.384113
1826.1672,12.583208
1826.9649,12.894922
1827.7628,13.130216
1828.5608,13.063851
1829.359,12.812469
1830.1574,12.544997
1830.956,12.442433
1831.7548,12.490699
1832.5537,12.559075
1833.3528,12.665661
1834.1521,12.79638
1834.9515,12.860734
1835.7511,12.856712
1836.5509,12.689794
1837.3509,12.456511
1838.151,12.197084
1838.9514,12.022122
1839.7519,11.889392
1840.5525,11.750628
1841.3534,11.744595
1842.1544,11.692308
1842.9556,11.603821
1843.7569,11.670186
1844.5585,11.75264
1845.3602,11.768728
1846.1621,11.690297
1846.9641,11.551533
1847.7664,11.529412
1848.5688,11.553544
1849.3713,11.60181
1850.1741,11.760684
1850.977,11.692308
1851.7801,11.644042
1852.5834,11.402715
1853.3869,11.292107
1854.1905,11.294118
1854.9943,11.380593
1855.7983,11.306184
1856.6024,11.296129
1857.4068,11.284062
1858.2113,11.332328
1859.0159,11.455003
1859.8208,11.471091
1860.6258,11.390649
1861.431,11.24183
1862.2364,11.253896
1863.0419,11.129211
1863.8476,10.99447
1864.6535,11.084967
1865.4596,11.000503
1866.2658,10.895928
1867.0722,10.859729
1867.8788,10.803419
1868.6856,10.761187
1869.4925,10.714932
1870.2996,10.674711
1871.1069,10.793363
1871.9144,10.757164
1872.722,10.857717
1873.5298,10.879839
1874.3378,11.022624
1875.146,10.956259
1875.9543,11.161388
1876.7628,11.316239
1877.5715,11.382604
1878.3803,11.334339
1879.1894,11.362494
1879.9986,11.265963
1880.8079,11.157366
1881.6175,10.998492
1882.4272,10.76722
1883.2371,10.743087
1884.0472,10.801408
1884.8574,10.76722
1885.6679,10.731021
1886.4785,10.743087
1887.2892,10.948215
1888.1002,11.175465
1888.9113,11.356461
1889.7226,11.581699
1890.534,11.629965
1891.3457,11.985923
1892.1575,12.05631
1892.9695,11.839115
1893.7816,11.509301
1894.594,11.324284
1895.4065,11.113122
1896.2192,11.189542
1897.032,11.211664
1897.8451,11.062846
1898.6583,10.99447
1899.4717,11.257919
1900.2852,11.322272
1901.099,11.408748
1901.9129,11.587733
1902.7269,11.738562
1903.5412,12.351936
1904.3556,12.830568
1905.1702,13.140271
1905.985,13.283057
1906.7999,13.23278
1907.6151,12.927099
1908.4304,12.595274
1909.2458,12.211161
1910.0615,11.985923
1910.8773,11.648064
1911.6933,11.452991
1912.5095,11.300151
1913.3258,11.310206
1914.1423,11.348416
1914.959,11.446958
1915.7759,11.646053
1916.5929,11.86727
1917.4102,11.660131
1918.2275,11.656109
1919.0451,11.732529
1919.8628,11.714429
1920.6808,11.674208
1921.4988,11.50729
1922.3171,11.43087
1923.1355,11.386626
1923.9541,11.33635
1924.7729,11.034691
1925.5919,11.099045
1926.411,11.276018
1927.2303,11.330317
1928.0498,11.41277
1928.8694,11.344394
1929.6893,11.364505
1930.5093,11.418803
1931.3294,11.638009
1932.1498,11.955757
1932.9703,12.062343
1933.791,11.985923
1934.6119,11.969834
1935.4329,12.054299
1936.2542,11.989945
1937.0756,11.796883
1937.8971,11.660131
1938.7189,11.589744
1939.5408,11.517345
1940.3629,11.489191
1941.1851,11.481146
1942.0076,11.577677
1942.8302,11.887381
1943.653,12.050277
1944.476,12.243338
1945.2991,12.281549
1946.1224,12.144796
1946.9459,12.064354
1947.7695,12.199095
1948.5934,12.162896
1949.4174,12.128708
1950.2416,12.249372
1951.0659,12.311714
1951.8905,12.229261
1952.7152,12.016088
1953.54,11.873303
1954.3651,12.012066
1955.1903,12.13273
1956.0157,12.547009
1956.8413,12.8909
1957.667,13.295123
1958.493,13.59276
1959.3191,13.693313
1960.1453,13.996983
1960.9718,14.566114
1961.7984,15.016591
1962.6252,15.088989
1963.4522,14.847662
1964.2793,14.258421
1965.1066,13.612871
1965.9341,13.168426
1966.7618,12.677728
1967.5896,12.414279
1968.4176,12.058321
1969.2458,11.69633
1970.0742,11.352438
1970.9027,11.175465
1971.7314,11.008547
1972.5603,10.837607
1973.3894,10.811463
1974.2186,11.016591
1975.048,11.195576
1975.8776,11.378582
1976.7074,11.732529
1977.5373,12.03821
1978.3674,12.231272
1979.1977,12.142785
1980.0281,12.0181
1980.8588,11.740573
1981.6896,11.567622
1982.5205,11.370538
1983.3517,11.010558
1984.183,10.700855
1985.0145,10.519859
1985.8462,10.379085
1986.678,10.248366
1987.51,10.171946
1988.3422,10.153846
1989.1746,9.9989945
1990.0072,9.7998994
1990.8399,9.8682755
1991.6728,10.097536
1992.5058,10.139769
1993.3391,10.157868
1994.1725,10.383107
1995.0061,10.509804
1995.8398,10.584213
1996.6738,10.477627
1997.5079,10.314731
1998.3422,10.151835
1999.1766,9.9788839
2000.0113,9.7355455
2000.8461,9.7013575
2001.6811,9.6571141
2002.5162,9.7797888
2003.3515,9.7415787
2004.187,9.8763198
2005.0227,10.031171
2005.8586,10.214178
2006.6946,10.332831
2007.5308,10.360985
2008.3672,10.282554
2009.2037,10.037205
2010.0404,9.8441428
2010.8773,9.7013575
2011.7144,9.5646053
2012.5517,9.552539
2013.3891,9.4459527
2014.2267,9.4942182
2015.0644,9.6470588
2015.9024,9.7033685
2016.7405,9.5847159
2017.5788,9.5183509
2018.4173,9.6108597
2019.2559,9.6671694
2020.0947,9.6752137
2020.9337,9.6732026
2021.7729,9.6108597
2022.6122,9.5666164
2023.4517,9.5022624
2024.2914,9.4600302
2025.1313,9.5223731
2025.9713,9.4298643
2026.8115,9.3996983
2027.6519,9.2830568
2028.4924,9.3494218
2029.3332,9.4419306
2030.1741,9.387632
2031.0152,9.3755656
2031.8564,9.3715435
2032.6978,9.5103067
2033.5394,9.68728
2034.3812,9.785822
2035.2232,9.7817999
2036.0653,9.6752137
2036.9076,9.685269
2037.7501,9.55455
2038.5927,9.4177979
2039.4355,9.3614882
2040.2785,9.4258421
2041.1217,9.7033685
2041.965,10.02916
2042.8085,10.42735
2043.6522,10.731021
2044.4961,10.700855
2045.3401,10.541981
2046.1844,10.572147
2047.0287,10.441428
2047.8733,10.288587
2048.718,10.212167
2049.5629,10.204123
2050.408,10.258421
2051.2533,10.109603
2052.0987,10.003017
2052.9443,10.065359
2053.7901,9.9567622
2054.6361,9.7797888
2055.4822,9.6148819
2056.3285,9.5465058
2057.175,9.5947712
2058.0216,9.5123177
2058.8685,9.5746606
2059.7155,9.5887381
2060.5626,9.9326295
2061.41,10.244344
2062.2575,10.443439
2063.1052,10.731021
2063.9531,11.113122
2064.8011,11.278029
2065.6493,11.471091
2066.4977,11.537456
2067.3463,11.334339
2068.195,11.050779
2069.044,10.753142
2069.8931,10.541981
2070.7423,10.485671
2071.5918,10.300654
2072.4414,10.36903
2073.2912,10.409251
2074.1411,10.529915
2074.9913,10.610357
2075.8416,10.996481
2076.6921,11.642031
2077.5427,12.697838
2078.3935,13.862242
2079.2446,14.801408
2080.0957,15.169432
2080.9471,14.753142
2081.7986,14.276521
2082.6503,13.679236
2083.5022,13.098039
2084.3543,12.963298
2085.2065,12.959276
2086.0589,12.884867
2086.9115,12.528909
2087.7642,12.060332
2088.6171,11.485168
2089.4702,11.205631
2090.3235,10.988436
2091.1769,10.910005
2092.0306,10.863751
2092.8844,10.89995
2093.7383,11.060835
2094.5925,11.356461
2095.4468,11.621921
2096.3013,11.682252
2097.1559,11.372549
2098.0108,11.149321
2098.8658,11.022624
2099.721,10.89995
2100.5763,10.72901
2101.4319,10.469583
2102.2876,10.262443
2103.1435,10.017094
2103.9995,9.8602313
2104.8558,9.852187
2105.7122,9.8622423
2106.5688,9.8602313
2107.4255,9.9467069
2108.2824,10.011061
2109.1395,10.081448
2109.9968,9.9989945
2110.8543,9.9366516
2111.7119,9.918552
2112.5697,9.8602313
2113.4277,9.6953243
2114.2858,9.6269482
2115.1441,9.5887381
2116.0026,9.7234791
2116.8613,9.9084967
2117.7202,10.061337
2118.5792,10.314731
2119.4384,10.332831
2120.2977,10.17999
2121.1573,9.8441428
2122.017,9.8280543
2122.8769,9.7797888
2123.737,9.8823529
2124.5972,9.9024635
2125.4576,9.8220211
2126.3182,9.783811
2127.179,9.6048265
2128.0399,9.5465058
2128.901,9.4660633
2129.7623,9.2629462
2130.6238,9.1865259
2131.4854,9.1664153
2132.3472,9.1503268
2133.2092,9.1704374
2134.0713,9.2508798
2134.9337,9.1965812
2135.7962,9.0296631
2136.6588,9.0336853
2137.5217,8.9934641
2138.3847,9.0035194
2139.2479,9.0598291
2140.1113,9.2307692
2140.9748,9.323278
2141.8386,9.2649573
2142.7025,9.2689794
2143.5665,9.256913
2144.4308,9.3293112
2145.2952,9.3031674
2146.1598,9.2408245
2147.0246,9.3353444
2147.8895,9.3353444
2148.7546,9.1664153
2149.6199,9.1322272
2150.4854,9.1141277
2151.351,9.057818
2152.2168,8.9612871
2153.0828,8.9371543
2153.949,8.8768225
2154.8153,8.8044243
2155.6818,8.9492207
2156.5485,8.9753645
2157.4154,8.9210659
2158.2824,9.0779286
2159.1496,9.025641
2160.017,8.991453
2160.8845,8.9009553
2161.7523,8.8185018
2162.6202,8.8949221
2163.4882,8.9612871
2164.3565,9.2991453
2165.2249,9.8823529
2166.0935,10.377074
2166.9623,10.53997
2167.8312,10.226244
2168.7004,9.7777778
2169.5697,9.4137758
2170.4391,9.2287582
2171.3088,9.1402715
2172.1786,8.9974862
2173.0486,9.0015083
2173.9188,9.0135747
2174.7891,8.9009553
2175.6596,8.9170437
2176.5303,8.9029663
2177.4012,8.9391654
2178.2722,9.0015083
2179.1434,9.0517848
2180.0148,9.0779286
2180.8864,9.256913
2181.7581,9.3675214
2182.63,9.3413776
2183.5021,9.3373555
2184.3744,9.3433886
2185.2468,9.3815988
2186.1194,9.256913
2186.9922,9.1080945
2187.8651,8.9934641
2188.7383,8.9291101
2189.6116,8.991453
2190.4851,9.1201609
2191.3587,9.1784816
2192.2325,9.2850679
2193.1065,9.387632
2193.9807,9.5746606
2194.8551,9.8079437
2195.7296,10.021116
2196.6043,10.10357
2197.4791,10.117647
2198.3542,9.9969834
2199.2294,9.7375566
2200.1048,9.6229261
2200.9804,9.5183509
2201.8561,9.4720965
2202.732,9.4680744
2203.6081,9.4198089
2204.4844,9.520362
2205.3608,9.453997
2206.2374,9.4439417
2207.1142,9.5163399
2207.9912,9.586727
2208.8683,9.5706385
2209.7456,9.5062846
2210.6231,9.5726496
2211.5008,9.6008044
2212.3786,9.618904
2213.2566,9.6933132
2214.1348,9.7456008
2215.0131,9.7657114
2215.8917,9.6571141
2216.7704,9.6309703
2217.6493,9.5625943
2218.5283,9.6510809
2219.4075,9.5505279
2220.2869,9.3956762
2221.1665,9.4177979
2222.0463,9.4580191
2222.9262,9.4922071
2223.8063,9.4741076
2224.6865,9.4801408
2225.567,9.5505279
2226.4476,9.5686275
2227.3284,9.7114128
2228.2094,9.6973353
2229.0905,9.6229261
2229.9718,9.4982403
2230.8533,9.5706385
2231.735,9.6711916
2232.6168,9.7415787
2233.4988,9.6752137
2234.381,9.6752137
2235.2634,9.6591252
2236.1459,9.7134238
2237.0286,9.7757667
2237.9115,9.7657114
2238.7946,9.7777778
2239.6778,9.9426848
2240.5612,10.131724
2241.4448,10.25641
2242.3285,10.338864
2243.2125,10.194067
2244.0966,10.08547
2244.9808,9.8863751
2245.8653,9.717446
2246.7499,9.6329814
2247.6347,9.8260432
2248.5197,9.8240322
2249.4048,10.023127
2250.2902,10.224233
2251.1757,10.6727
2252.0613,10.952237
2252.9472,11.306184
2253.8332,11.455003
2254.7194,11.257919
2255.6058,11.012569
2256.4923,10.86174
2257.379,10.753142
2258.2659,10.69281
2259.153,10.535948
2260.0402,10.290598
2260.9276,10.125691
2261.8152,9.9587733
2262.703,9.7275013
2263.5909,9.5746606
2264.479,9.4399196
2265.3673,9.4338864
2266.2558,9.4922071
2267.1444,9.618904
2268.0332,9.6490699
2268.9222,9.8562092
2269.8113,9.9909502
2270.7007,9.9145299
2271.5902,9.8401207
2272.4798,9.7335344
2273.3697,9.68728
2274.2597,9.6510809
2275.1499,9.618904
2276.0403,9.6148819
2276.9308,9.7616893
2277.8216,9.8823529
2278.7125,9.9627954
2279.6035,9.7938663
2280.4948,9.5666164
2281.3862,9.323278
2282.2778,9.2629462
2283.1695,9.256913
2284.0615,9.2066365
2284.9536,9.2850679
2285.8459,9.3534439
2286.7384,9.2810458
2287.631,9.190548
2288.5238,9.1784816
2289.4168,9.3333333
2290.31,9.2669683
2291.2033,9.0336853
2292.0968,8.8969331
2292.9905,8.8808446
2293.8843,8.8728004
2294.7784,8.9230769
2295.6726,9.0155857
2296.567,9.1523379
2297.4615,9.3071895
2298.3562,9.3956762
2299.2511,9.5444947
2300.1462,9.5887381
2301.0415,9.653092
2301.9369,9.751634
2302.8325,9.8924082
2303.7283,10.117647
2304.6242,10.704877
2305.5203,12.229261
2306.4166,14.839618
2307.3131,17.256913
2308.2098,17.932629
2309.1066,16.71996
2310.0036,14.614379
2310.9007,12.754148
2311.7981,11.402715
2312.6956,10.316742
2313.5933,9.7013575
2314.4911,9.6289593
2315.3892,9.5927602
2316.2874,9.456008
2317.1858,9.4720965
2318.0843,9.520362
2318.9831,9.5746606
2319.882,9.6088487
2320.7811,9.6168929
2321.6803,9.5907491
2322.5798,9.4479638
2323.4794,9.4459527
2324.3791,9.3695324
2325.2791,9.4057315
2326.1792,9.3453997
2327.0795,9.3996983
2327.98,9.4459527
2328.8807,9.3453997
2329.7815,9.2589241
2330.6825,9.3192559
2331.5837,9.4318753
2332.485,9.4700855
2333.3865,9.2730015
2334.2882,9.28909
2335.1901,9.3775767
2336.0921,9.5284062
2336.9944,9.5424837
2337.8967,9.6953243
2338.7993,9.6470588
2339.7021,9.5324284
2340.605,9.4338864
2341.5081,9.2709904
2342.4113,9.2448467
2343.3148,9.2287582
2344.2184,9.0678733
2345.1222,9.0477627
2346.0261,8.9713424
2346.9303,8.9753645
2347.8346,9.0175968
2348.739,9.2086476
2349.6437,9.4077426
2350.5485,9.4499749
2351.4535,9.4399196
2352.3587,9.5565611
2353.2641,9.8240322
2354.1696,10.228255
2355.0753,10.509804
2355.9812,10.495726
2356.8872,10.344897
2357.7935,10.067371
2358.6999,9.8441428
2359.6064,9.7637004
2360.5132,9.7817999
2361.4201,9.5967823
2362.3272,9.5766717
2363.2345,9.6732026
2364.1419,9.7978884
2365.0495,9.9467069
2365.9573,10.139769
2366.8653,10.340875
2367.7734,10.598291
2368.6817,11.078934
2369.5902,11.398693
2370.4989,11.802916
2371.4077,11.953746
2372.3167,11.778783
2373.2259,11.326295
2374.1353,10.972348
2375.0448,10.656611
2375.9545,10.354952
2376.8644,10.113625
2377.7745,10.021116
2378.6847,10.228255
2379.5951,10.244344
2380.5057,10.131724
2381.4164,10.04726
2382.3274,9.9306184
2383.2385,9.8401207
2384.1498,9.850176
2385.0612,9.9326295
2385.9728,10.011061
2386.8846,10.02916
2387.7966,9.9286073
2388.7087,9.8159879
2389.6211,9.7435897
2390.5336,9.6028155
2391.4462,9.5646053
2392.3591,9.4922071
2393.2721,9.6269482
2394.1853,9.5485168
2395.0987,9.5042735
2396.0122,9.5042735
2396.9259,9.3494218
2397.8398,9.1141277
2398.7539,9.1764706
2399.6681,9.2086476
2400.5825,9.2307692
2401.4971,9.2649573
2402.4119,9.3353444
2403.3268,9.3252891
2404.2419,9.2368024
2405.1572,9.256913
2406.0726,9.3413776
2406.9883,9.2187029
2407.9041,9.1724485
2408.8201,9.1121166
2409.7362,9.0537959
2410.6525,9.0216189
2411.569,8.9512318
2412.4857,8.9331322
2413.4026,8.8667672
2414.3196,8.8366013
2415.2368,8.9170437
2416.1542,9.025641
2417.0717,9.092006
2417.9894,9.2166918
2418.9073,9.2911011
2419.8254,9.4057315
2420.7436,9.3936652
2421.6621,9.3453997
2422.5807,9.2991453
2423.4994,9.1764706
2424.4184,9.0216189
2425.3375,8.8325792
2426.2568,8.760181
2427.1762,8.8124686
2428.0959,8.8627451
2429.0157,9.0035194
2429.9357,9.3494218
2430.8558,9.783811
2431.7762,10.031171
2432.6967,9.9044746
2433.6173,9.6993464
2434.5382,9.3534439
2435.4592,9.1825038
2436.3804,9.1945701
2437.3018,9.4499749
2438.2234,9.751634
2439.1451,10.013072
2440.067,10.089492
2440.9891,9.8964304
2441.9113,9.7154349
2442.8338,9.6309703
2443.7564,9.5304173
2444.6791,9.55455
2445.6021,9.6108597
2446.5252,9.6309703
2447.4485,9.4017094
2448.372,9.1865259
2449.2956,9.1342383
2450.2194,9.1221719
2451.1434,9.1000503
2452.0676,9.2388135
2452.9919,9.1503268
2453.9164,8.9713424
2454.8411,8.7823027
2455.766,8.7239819
2456.691,8.6173957
2457.6162,8.5510307
2458.5416,8.661639
2459.4672,8.7642031
2460.3929,8.8225239
2461.3188,8.9753645
2462.2449,8.9512318
2463.1712,8.8707893
2464.0976,8.8386124
2465.0242,8.7662142
2465.951,8.5389643
2466.8779,8.5932629
2467.8051,8.6314731
2468.7324,8.5691302
2469.6598,8.6495726
2470.5875,8.7078934
2471.5153,8.6435395
2472.4433,8.6093514
2473.3715,8.6234289
2474.2998,8.6133736
2475.2284,8.728004
2476.157,8.6877828
2477.0859,8.6395173
2478.015,8.5671192
2478.9442,8.5651081
2479.8736,8.5992961
2480.8031,8.6415284
2481.7329,8.6515837
2482.6628,8.7179487
2483.5929,8.7823027
2484.5231,8.8486677
2485.4536,8.8426345
2486.3842,8.9130216
2487.315,8.9693313
2488.2459,8.9713424
2489.1771,8.860734
2490.1084,8.725993
2491.0399,8.6676722
2491.9715,8.5731523
2492.9033,8.5188537
2493.8354,8.6053293
2494.7675,8.6214178
2495.6999,8.7179487
2496.6324,8.7983912
2497.5651,8.8707893
2498.498,8.8969331
2499.431,8.7481146
2500.3643,8.6817496
2501.2977,8.693816
2502.2312,8.6817496
2503.165,8.6877828
2504.0989,8.6053293
2505.033,8.7481146
2505.9673,8.7300151
2506.9017,8.7420814
2507.8363,8.5912519
2508.7711,8.5409754
2509.7061,8.6254399
2510.6412,8.6013072
2511.5765,8.5731523
2512.512,8.695827
2513.4477,8.7018602
2514.3835,8.6918049
2515.3195,8.7782805
2516.2557,8.8004022
2517.1921,8.8124686
2518.1286,8.7883358
2519.0653,8.6556058
2520.0022,8.5248869
2520.9393,8.5590749
2521.8765,8.5047763
2522.8139,8.561086
2523.7515,8.5248869
2524.6892,8.7038713
2525.6272,8.6475616
2526.5653,8.6475616
2527.5035,8.6535948
2528.442,8.7340372
2529.3806,8.7300151
2530.3194,8.6375063
2531.2584,8.6415284
2532.1975,8.7018602
2533.1369,8.7340372
2534.0763,8.6173957
2535.016,8.6435395
2535.9559,8.7199598
2536.8959,8.6455505
2537.8361,8.6194067
2538.7764,8.6314731
2539.717,8.661639
2540.6577,8.8707893
2541.5986,9.2066365
2542.5396,9.3494218
2543.4809,9.586727
2544.4223,9.5786828
2545.3639,9.4419306
2546.3056,9.2166918
2547.2476,9.1523379
2548.1897,9.0980392
2549.132,9.1000503
2550.0744,9.1221719
2551.017,9.1060835
2551.9598,9.2368024
2552.9028,9.3735546
2553.846,9.4238311
2554.7893,9.2468577
2555.7328,9.1483157
2556.6765,9.0155857
2557.6203,9.0517848
2558.5644,9.387632
2559.5086,10.055304
2560.4529,10.662645
2561.3975,10.998492
2562.3422,10.964304
2563.2871,10.477627
2564.2322,10.031171
2565.1774,9.5605832
2566.1228,9.188537
2567.0684,9.0035194
2568.0142,8.8084465
2568.9601,8.6877828
2569.9062,8.6033183
2570.8525,8.5047763
2571.799,8.3881347
2572.7456,8.3941679
2573.6924,8.3137255
2574.6394,8.3036702
2575.5866,8.3418803
2576.5339,8.2775264
2577.4814,8.2272499
2578.4291,8.2373052
2579.377,8.3016591
2580.325,8.3076923
2581.2732,8.2996481
2582.2216,8.297637
2583.1701,8.3941679
2584.1188,8.3881347
2585.0677,8.297637
2586.0168,8.2795375
2586.9661,8.2554047
2587.9155,8.2393162
2588.8651,8.2735043
2589.8149,8.2674711
2590.7648,8.231272
2591.7149,8.2956259
2592.6652,8.3358472
2593.6157,8.3278029
2594.5663,8.1689291
2595.5172,8.0945199
2596.4681,8.130719
2597.4193,8.1246858
2598.3707,8.2352941
2599.3222,8.3378582
2600.2739,8.3097034
2601.2257,8.1870287
2602.1778,8.1528406
2603.13,8.1488185
2604.0823,8.1065862
2605.0349,7.9115133
2605.9876,7.8853695
2606.9405,7.8451483
2607.8936,7.8954248
2608.8469,7.9215686
2609.8003,7.9979889
2610.7539,8.0482655
2611.7077,8.1488185
2612.6617,8.0925088
2613.6158,8.1749623
2614.5701,8.1749623
2615.5246,8.1789844
2616.4792,8.1407743
2617.434,8.0945199
2618.389,8.0925088
2619.3442,8.1608849
2620.2995,8.166918
2621.2551,8.2151835
2622.2108,8.2996481
2623.1666,8.3177476
2624.1227,8.364002
2625.0789,8.3660131
2626.0353,8.3499246
2626.9918,8.3720463
2627.9486,8.3780794
2628.9055,8.3197587
2629.8626,8.3278029
2630.8198,8.3177476
2631.7773,8.2815485
2632.7349,8.3177476
2633.6927,8.2554047
2634.6506,8.2755153
2635.6088,8.4444444
2636.5671,8.6073404
2637.5256,8.7038713
2638.4842,8.760181
2639.443,8.6073404
2640.402,8.4645551
2641.3612,8.4243338
2642.3206,8.4565108
2643.2801,8.5047763
2644.2398,8.5027652
2645.1997,8.5731523
2646.1597,8.6495726
2647.12,8.6737054
2648.0804,8.6897939
2649.0409,8.6556058
2650.0017,8.5651081
2650.9626,8.6033183
2651.9237,8.5731523
2652.885,8.5349422
2653.8464,8.5811966
2654.808,8.6817496
2655.7698,8.6375063
2656.7318,8.7702363
2657.6939,8.9532428
2658.6562,9.2870789
2659.6187,9.6591252
2660.5814,10.175968
2661.5442,10.700855
2662.5072,10.781297
2663.4704,10.646556
2664.4338,10.700855
2665.3973,11.414781
2666.361,12.94721
2667.3249,14.505782
2668.2889,14.845651
2669.2532,13.779789
2670.2176,11.909502
2671.1822,10.381096
2672.1469,9.6168929
2673.1118,9.3252891
2674.0769,9.2448467
2675.0422,9.254902
2676.0077,9.3172448
2676.9733,9.2488688
2677.9391,9.0759175
2678.905,8.9411765
2679.8712,8.8004022
2680.8375,8.6314731
2681.804,8.5087984
2682.7707,8.4585219
2683.7375,8.5067873
2684.7045,8.5852187
2685.6717,8.6073404
2686.6391,8.6053293
2687.6066,8.5007541
2688.5743,8.5791855
2689.5422,8.7179487
2690.5103,8.6535948
2691.4785,8.695827
2692.4469,8.7742584
2693.4155,8.8064354
2694.3843,8.728004
2695.3532,8.5550528
2696.3223,8.4544997
2697.2916,8.4002011
2698.2611,8.2131724
2699.2307,8.1468074
2700.2005,8.199095
2701.1705,8.2453494
2702.1406,8.3056812
2703.111,8.462544
2704.0815,8.5811966
2705.0521,8.627451
2706.023,8.6194067
2706.994,8.6214178
2707.9652,8.4122675
2708.9366,8.3700352
2709.9081,8.329814
2710.8798,8.2473605
2711.8517,8.0965309
2712.8238,7.9497235
2713.796,7.9939668
2714.7685,8.066365
2715.741,8.0784314
2716.7138,8.166918
2717.6867,8.2332831
2718.6599,8.2996481
2719.6331,8.4062343
2720.6066,8.6153846
2721.5802,8.8185018
2722.5541,8.8225239
2723.528,8.6214178
2724.5022,8.4323781
2725.4765,8.3358472
2726.451,8.2131724
2727.4257,8.0945199
2728.4006,8.0301659
2729.3756,7.9095023
2730.3508,7.8411262
2731.3262,7.9979889
2732.3017,8.0482655
2733.2775,8.0422323
2734.2534,8.0965309
2735.2294,8.0402212
2736.2057,8.0422323
2737.1821,8.0160885
2738.1587,7.9919558
2739.1355,8.0160885
2740.1124,7.9195576
2741.0895,7.8954248
2742.0668,7.8893917
2743.0443,7.8652589
2744.0219,7.8411262
2744.9998,7.7727501
2745.9778,7.7466063
2746.9559,7.7807944
2747.9343,7.9074912
2748.9128,7.9477124
2749.8915,7.8974359
2750.8703,7.869281
2751.8494,7.8391151
2752.8286,7.7988939
2753.808,7.8270488
2754.7875,7.8451483
2755.7672,7.9034691
2756.7472,7.9396682
2757.7272,7.9859226
2758.7075,7.9879336
2759.6879,7.9839115
2760.6685,8.0100553
2761.6493,7.9758673
2762.6302,8.0482655
2763.6114,8.0402212
2764.5927,8.1468074
2765.5741,8.0864756
2766.5558,8.0623429
2767.5376,8.0824535
2768.5196,8.0804424
2769.5018,8.1025641
2770.4841,8.0563097
2771.4667,7.9819005
2772.4493,7.9899447
2773.4322,7.9698341
2774.4153,8.0402212
2775.3985,8.0442433
2776.3819,7.9939668
2777.3654,7.9959779
2778.3492,8.1166415
2779.3331,8.1809955
2780.3172,8.1407743
2781.3014,8.1447964
2782.2859,8.1407743
2783.2705,8.0643539
2784.2553,7.9577677
2785.2402,8.0160885
2786.2254,8.0723982
2787.2107,8.2091503
2788.1961,8.2554047
2789.1818,8.3559578
2790.1676,8.5651081
2791.1536,8.629462
2792.1398,8.6113625
2793.1262,8.5972851
2794.1127,8.8285571
2795.0994,9.1704374
2796.0863,9.4741076
2797.0733,9.6450478
2798.0605,9.2428356
2799.0479,8.8888889
2800.0355,8.6455505
2801.0232,8.6133736
2802.0112,8.6073404
2802.9993,8.561086
2803.9875,8.5429864
2804.976,8.494721
2805.9646,8.3559578
2806.9534,8.4062343
2807.9423,8.4806435
2808.9315,8.3861237
2809.9208,8.3720463
2810.9103,8.2815485
2811.8999,8.2272499
2812.8898,8.1347411
2813.8798,8.0703871
2814.87,8.0281549
2815.8603,7.967823
2816.8509,7.9296129
2817.8416,7.9296129
2818.8324,7.9235797
2819.8235,7.9577677
2820.8147,7.9356461
2821.8061,7.8873806
2822.7977,7.9376571
2823.7895,7.9718451
2824.7814,7.9778783
2825.7735,7.8914027
2826.7658,7.9115133
2827.7582,7.9919558
2828.7508,7.9296129
2829.7436,8.0040221
2830.7366,7.9959779
2831.7297,8
2832.7231,8.164907
2833.7166,8.297637
2834.7102,8.3056812
2835.7041,8.2171946
2836.6981,8.2272499
2837.6923,8.3076923
2838.6866,8.2916038
2839.6812,8.2011061
2840.6759,8.1769734
2841.6708,8.1910508
2842.6658,8.0784314
2843.6611,7.9115133
2844.6565,7.8632479
2845.6521,7.9497235
2846.6478,7.9537456
2847.6437,7.9859226
2848.6399,8.100553
2849.6361,8.231272
2850.6326,8.1729512
2851.6292,8.1588738
2852.626,8.2011061
2853.623,8.1528406
2854.6202,8.100553
2855.6175,7.9919558
2856.615,7.8572147
2857.6127,7.768728
2858.6105,7.7445953
2859.6085,7.6460533
2860.6067,7.6782303
2861.6051,7.7144294
2862.6036,7.8129713
2863.6024,7.8612368
2864.6012,7.8310709
2865.6003,7.7747612
2866.5996,7.7204625
2867.599,7.8149824
2868.5986,7.9215686
2869.5983,8.0884867
2870.5983,8.2916038
2871.5984,8.4162896
2872.5987,8.4906988
2873.5991,8.4987431
2874.5998,8.3177476
2875.6006,8.0804424
2876.6016,7.9819005
2877.6027,7.8451483
2878.604,7.835093
2879.6055,7.7244847
2880.6072,7.7606838
2881.6091,7.7848165
2882.6111,7.7385621
2883.6133,7.7043741
2884.6157,7.6943188
2885.6182,7.7043741
2886.621,7.635998
2887.6239,7.7104072
2888.6269,7.8270488
2889.6302,7.9054801
2890.6336,7.9436903
2891.6372,7.9798894
2892.641,7.9517345
2893.6449,7.8471594
2894.649,7.6943188
2895.6533,7.6480644
2896.6578,7.6259427
2897.6624,7.6138763
2898.6673,7.5977878
2899.6723,7.505279
2900.6774,7.471091
2901.6828,7.3785822
2902.6883,7.3765711
2903.694,7.4469583
2904.6998,7.4932127
2905.7058,7.5515334
2906.7121,7.4731021
2907.7184,7.5917547
2908.725,7.6721971
2909.7317,7.7526395
2910.7386,7.833082
2911.7457,7.7264957
2912.753,7.603821
2913.7604,7.5495224
2914.768,7.4268477
2915.7758,7.3484163
2916.7837,7.3966817
2917.7919,7.4932127
2918.8002,7.4690799
2919.8086,7.5676219
2920.8173,7.5736551
2921.8261,7.471091
2922.8351,7.4348919
2923.8443,7.4208145
2924.8536,7.4469583
2925.8631,7.4550025
2926.8728,7.4208145
2927.8827,7.4208145
2928.8927,7.3564605
2929.9029,7.3544495
2930.9133,7.3805933
2931.9239,7.3986928
2932.9346,7.5012569
2933.9455,7.5133233
2934.9566,7.5153343
2935.9679,7.6661639
2936.9793,7.7405732
2937.9909,7.6963298
2939.0027,7.7104072
2940.0147,7.6742081
2941.0268,7.736551
2942.0391,7.7164404
2943.0516,7.7184515
2944.0643,7.7104072
2945.0771,7.8290598
2946.0901,7.7606838
2947.1033,7.8049271
2948.1166,7.7385621
2949.1301,7.8451483
2950.1438,8.0201106
2951.1577,7.967823
2952.1718,8.0522876
2953.186,8.1085973
2954.2004,8.1709402
2955.2149,8.1347411
2956.2297,8.0824535
2957.2446,8.0904977
2958.2597,8.0040221
2959.275,7.9839115
2960.2904,7.9778783
2961.306,7.9376571
2962.3218,7.9195576
2963.3378,8.0844646
2964.3539,8.2453494
2965.3702,8.4183007
2966.3867,8.3780794
2967.4034,8.3720463
2968.4202,8.4826546
2969.4372,8.5932629
2970.4544,8.6073404
2971.4718,8.4122675
2972.4893,8.2815485
2973.507,8.1508296
2974.5249,8.0402212
2975.5429,8.1106083
2976.5612,8.0884867
2977.5796,8.0361991
2978.5981,8.098542
2979.6169,8.166918
2980.6358,8.3438914
2981.6549,8.7420814
2982.6742,9.1724485
2983.6936,9.4017094
2984.7133,9.4942182
2985.7331,9.5465058
2986.753,9.4660633
2987.7732,9.3956762
2988.7935,9.1644042
2989.814,8.9130216
2990.8346,8.627451
2991.8555,8.3760684
2992.8765,8.1508296
2993.8977,7.9396682
2994.9191,7.9296129
2995.9406,7.9899447
2996.9623,8.1166415
2997.9842,8.1045752
2999.0062,7.9939668
3000.0285,7.899447
3001.0509,7.9376571
3002.0735,7.9255907
3003.0962,7.8793363
3004.1192,7.8753142
3005.1423,7.9396682
3006.1655,7.8572147
3007.189,7.8833585
3008.2126,7.8934138
3009.2364,7.9638009
3010.2604,8.2594268
3011.2846,8.496732
3012.3089,8.528909
3013.3334,8.4384113
3014.3581,8.4404223
3015.3829,8.263449
3016.4079,8.2352941
3017.4331,8.1809955
3018.4585,8.098542
3019.484,8.1367521
3020.5098,8.0965309
3021.5356,7.9436903
3022.5617,7.8914027
3023.588,7.8592257
3024.6144,7.8411262
3025.641,7.8230266
3026.6677,7.9135244
3027.6947,7.8773253
3028.7218,7.8712921
3029.7491,7.8491704
3030.7765,7.8531926
3031.8042,7.7848165
3032.832,7.8893917
3033.8599,7.869281
3034.8881,7.7968829
3035.9164,7.7988939
3036.9449,7.8592257
3037.9736,7.8914027
3039.0025,7.967823
3040.0315,7.9175465
3041.0607,7.9195576
3042.0901,7.9356461
3043.1196,7.9155354
3044.1494,7.9497235
3045.1793,7.9095023
3046.2093,7.9095023
3047.2396,7.9416792
3048.27,8.0020111
3049.3006,8.0804424
3050.3314,8.1809955
3051.3623,8.26546
3052.3934,8.2795375
3053.4247,8.3076923
3054.4562,8.2413273
3055.4878,8.1870287
3056.5196,8.1085973
3057.5516,8.1126194
3058.5838,8.2413273
3059.6161,8.5007541
3060.6486,8.8144796
3061.6813,8.8989442
3062.7142,8.8828557
3063.7472,8.9612871
3064.7804,9.2750126
3065.8138,9.6289593
3066.8474,9.950729
3067.8811,9.8743087
3068.915,9.7596782
3069.9491,9.8441428
3070.9833,10.10357
3072.0178,10.188034
3073.0524,9.9869281
3074.0871,9.717446
3075.1221,9.5786828
3076.1572,9.6631473
3077.1925,9.6651584
3078.228,9.6289593
3079.2636,9.4499749
3080.2995,9.188537
3081.3355,9.2488688
3082.3716,9.3474108
3083.408,9.4741076
3084.4445,9.3192559
3085.4812,9.0417295
3086.518,8.7702363
3087.5551,8.5208648
3088.5923,8.3338361
3089.6297,8.3338361
3090.6672,8.297637
3091.705,8.2775264
3092.7429,8.1890397
3093.781,8.0804424
3094.8192,8.0703871
3095.8577,8.0864756
3096.8963,8.0925088
3097.9351,7.9798894
3098.974,7.965812
3100.0132,7.9939668
3101.0525,8.0744093
3102.0919,8.0261438
3103.1316,7.965812
3104.1714,7.9155354
3105.2114,7.9356461
3106.2516,7.8934138
3107.2919,7.9135244
3108.3325,7.9356461
3109.3732,8.0060332
3110.414,8.0020111
3111.4551,7.9457014
3112.4963,8.0402212
3113.5377,8.1347411
3114.5793,8.2011061
3115.621,8.1407743
3116.6629,8.164907
3117.705,8.0643539
3118.7473,8.1186526
3119.7897,8.1709402
3120.8324,8.0683761
3121.8751,7.9899447
3122.9181,7.9376571
3123.9612,8.1166415
3125.0046,8.2091503
3126.048,8.1830065
3127.0917,8.1769734
3128.1355,8.0623429
3129.1795,8.0140774
3130.2237,8.0281549
3131.2681,8.066365
3132.3126,8.1085973
3133.3573,8.1528406
3134.4022,8.2453494
3135.4472,8.2533937
3136.4925,8.331825
3137.5379,8.462544
3138.5835,8.7320261
3139.6292,8.8687783
3140.6751,8.8466566
3141.7212,8.725993
3142.7675,8.4746104
3143.8139,8.2936149
3144.8606,8.0563097
3145.9074,7.9436903
3146.9543,7.9215686
3148.0015,7.9195576
3149.0488,7.8552036
3150.0963,7.899447
3151.1439,7.9718451
3152.1918,8.032177
3153.2398,8.0864756
3154.288,8.1910508
3155.3364,8.3599799
3156.3849,8.6857717
3157.4336,9.1784816
3158.4825,9.3976873
3159.5315,9.1925591
3160.5808,8.9834087
3161.6302,8.8185018
3162.6798,8.8044243
3163.7295,8.6475616
3164.7795,8.5852187
3165.8296,8.4384113
3166.8798,8.4484666
3167.9303,8.5027652
3168.9809,8.4544997
3170.0317,8.3780794
3171.0827,8.1367521
3172.1339,7.9819005
3173.1852,7.9235797
3174.2367,7.9376571
3175.2883,7.9034691
3176.3402,7.8893917
3177.3922,7.8853695
3178.4444,7.8632479
3179.4968,7.7787833
3180.5493,7.7083962
3181.602,7.6842634
3182.6549,7.7124183
3183.708,7.670186
3184.7612,7.5816993
3185.8147,7.6078431
3186.8682,7.6862745
3187.922,7.6742081
3188.9759,7.7063851
3190.03,7.800905
3191.0843,7.8511815
3192.1388,7.8149824
3193.1934,7.8109603
3194.2482,7.7305178
3195.3032,7.736551
3196.3584,7.736551
3197.4137,7.8531926
3198.4692,7.9597788
3199.5249,7.9577677
3200.5807,8.032177
3201.6368,8.0623429
3202.693,7.9477124
3203.7493,7.9638009
3204.8059,7.901458
3205.8626,7.9557567
3206.9195,8.0502765
3207.9766,8.0140774
3209.0338,7.9778783
3210.0913,8.0180995
3211.1489,7.9939668
3212.2066,7.899447
3213.2646,7.8531926
3214.3227,7.7988939
3215.381,7.7285068
3216.4394,7.6742081
3217.4981,7.6601307
3218.5569,7.668175
3219.6159,7.6641528
3220.675,7.638009
3221.7344,7.6400201
3222.7939,7.6078431
3223.8536,7.6721971
3224.9134,7.73454
3225.9735,7.6842634
3227.0337,7.6239316
3228.0941,7.702363
3229.1546,7.7204625
3230.2153,7.7063851
3231.2762,7.7807944
3232.3373,7.7747612
3233.3986,7.8069382
3234.46,7.9155354
3235.5216,8.0281549
3236.5834,8.2131724
3237.6453,8.166918
3238.7075,8.1950729
3239.7698,8.1528406
3240.8322,8.1548517
3241.8949,8.1367521
3242.9577,8.0884867
3244.0207,8.0060332
3245.0839,8.0180995
3246.1472,8.0945199
3247.2107,8.2735043
3248.2744,8.5530417
3249.3383,9.2086476
3250.4023,9.9527401
3251.4665,10.479638
3252.5309,10.29462
3253.5955,9.8099548
3254.6602,9.2609351
3255.7251,8.794369
3256.7902,8.396179
3257.8555,8.0864756
3258.9209,7.9054801
3259.9865,7.8552036
3261.0523,7.7928607
3262.1182,7.7285068
3263.1844,7.6540975
3264.2507,7.7405732
3265.3172,7.8169935
3266.3838,7.7305178
3267.4506,7.6339869
3268.5176,7.6058321
3269.5848,7.6279537
3270.6522,7.5937657
3271.7197,7.5756662
3272.7874,7.4891905
3273.8553,7.5495224
3274.9233,7.5635998
3275.9915,7.5957768
3277.0599,7.5455003
3278.1285,7.537456
3279.1972,7.537456
3280.2662,7.6199095
3281.3352,7.6762192
3282.4045,7.4992459
3283.4739,7.5595777
3284.5436,7.5796883
3285.6133,7.5595777
3286.6833,7.5173454
3287.7534,7.4228255
3288.8238,7.4007039
3289.8942,7.438914
3290.9649,7.4107592
3292.0357,7.4670689
3293.1067,7.5656109
3294.1779,7.6339869
3295.2493,7.6802413
3296.3208,7.7948718
3297.3925,7.8149824
3298.4644,7.833082
3299.5364,7.7828054
3300.6087,7.7043741
3301.6811,7.6259427
3302.7536,7.5676219
3303.8264,7.5957768
3304.8993,7.4912016
3305.9724,7.5012569
3307.0457,7.4127702
3308.1191,7.3785822
3309.1928,7.3464052
3310.2666,7.3303167
3311.3405,7.4449472
3312.4147,7.4107592
3313.489,7.4007039
3314.5635,7.3765711
3315.6381,7.4228255
3316.713,7.3886375
3317.788,7.3484163
3318.8632,7.4429361
3319.9385,7.471091
3321.0141,7.4751131
3322.0898,7.3926596
3323.1657,7.3604827
3324.2417,7.3986928
3325.318,7.3785822
3326.3944,7.438914
3327.471,7.5977878
3328.5477,7.5153343
3329.6246,7.5515334
3330.7017,7.4670689
3331.779,7.4087481
3332.8565,7.4811463
3333.9341,7.6058321
3335.0119,7.8250377
3336.0899,7.965812
3337.168,7.8169935
3338.2463,7.7405732
3339.3248,7.6500754
3340.4035,7.6339869
3341.4824,7.6138763
3342.5614,7.6621418
3343.6406,7.7224736
3344.7199,7.7526395
3345.7995,7.6279537
3346.8792,7.5314228
3347.9591,7.505279
3349.0392,7.5957768
3350.1194,7.4067371
3351.1998,7.3805933
3352.2804,7.3986928
3353.3612,7.3645048
3354.4421,7.2619407
3355.5232,7.3283057
3356.6045,7.4570136
3357.686,7.4570136
3358.7676,7.5314228
3359.8494,7.5897436
3360.9314,7.7425842
3362.0135,7.7264957
3363.0959,7.7104072
3364.1784,7.7486174
3365.261,7.7244847
3366.3439,7.6460533
3367.4269,7.5455003
3368.5101,7.4751131
3369.5935,7.2981398
3370.677,7.3102061
3371.7608,7.372549
3372.8447,7.3785822
3373.9287,7.3645048
3375.013,7.3202614
3376.0974,7.3202614
3377.182,7.3423831
3378.2668,7.3262946
3379.3517,7.304173
3380.4368,7.3846154
3381.5221,7.4188034
3382.6076,7.3906486
3383.6932,7.4288587
3384.779,7.4972348
3385.865,7.4690799
3386.9512,7.4751131
3388.0375,7.4851684
3389.124,7.5133233
3390.2107,7.4912016
3391.2976,7.5233786
3392.3846,7.4891905
3393.4718,7.5837104
3394.5592,7.6239316
3395.6467,7.6118653
3396.7345,7.5414781
3397.8224,7.5837104
3398.9105,7.5796883
3399.9987,7.4871795
3401.0871,7.5072901
3402.1757,7.4912016
3403.2645,7.4268477
3404.3535,7.4449472
3405.4426,7.5193565
3406.5319,7.5193565
3407.6213,7.4992459
3408.711,7.5756662
3409.8008,7.5917547
3410.8908,7.5756662
3411.981,7.6641528
3413.0713,7.736551
3414.1618,7.8652589
3415.2525,7.9074912
3416.3434,7.7445953
3417.4344,7.6480644
3418.5256,7.7224736
3419.617,7.933635
3420.7086,7.9919558
3421.8003,7.9235797
3422.8922,8.0603318
3423.9843,8.1226747
3425.0766,8.0180995
3426.169,8.0723982
3427.2616,8.2815485
3428.3544,8.5087984
3429.4474,8.5168426
3430.5405,8.5892408
3431.6338,8.462544
3432.7273,8.263449
3433.8209,8.2051282
3434.9147,8.3177476
3436.0087,8.7300151
3437.1029,9.0336853
3438.1973,8.991453
3439.2918,8.8164907
3440.3865,8.4685772
3441.4814,8.2051282
3442.5764,8.0623429
3443.6716,8.0422323
3444.767,8.0281549
3445.8626,7.9537456
3446.9583,7.9939668
3448.0542,8.0180995
3449.1503,7.933635
3450.2466,8.0502765
3451.343,7.9879336
3452.4397,7.8954248
3453.5364,7.8491704
3454.6334,7.8712921
3455.7305,7.8793363
3456.8278,7.7908497
3457.9253,7.8411262
3459.023,7.8210156
3460.1208,7.9617898
3461.2188,8.2493715
3462.317,8.6757164
3463.4154,9.0437406
3464.5139,8.9733534
3465.6126,8.9130216
3466.7115,8.6415284
3467.8105,8.5349422
3468.9098,8.4906988
3470.0092,8.725993
3471.1087,8.9331322
3472.2085,8.9954751
3473.3084,8.9834087
3474.4085,8.8627451
3475.5088,8.6837607
3476.6092,8.4826546
3477.7098,8.2775264
3478.8106,8.1950729
3479.9116,8.2071393
3481.0127,8.3901458
3482.114,8.6576169
3483.2155,8.8084465
3484.3172,8.6576169
3485.419,8.4122675
3486.5211,8.2594268
3487.6232,8.13273
3488.7256,8.0864756
3489.8281,8.1065862
3490.9308,8.0824535
3492.0337,8.0040221
3493.1368,7.9979889
3494.24,8.0864756
3495.3434,8.0824535
3496.447,8.0824535
3497.5508,8.0744093
3498.6547,8.166918
3499.7588,8.2835596
3500.8631,8.2815485
3501.9675,8.3821016
3503.0722,8.5470085
3504.177,8.6194067
3505.2819,8.5872298
3506.3871,8.462544
3507.4924,8.4183007
3508.5979,8.39819
3509.7036,8.4444444
3510.8094,8.5992961
3511.9154,8.7320261
3513.0216,8.8647562
3514.128,8.959276
3515.2345,9.254902
3516.3412,9.5806938
3517.4481,9.7978884
3518.5552,9.9205631
3519.6624,9.9326295
3520.7699,10.003017
3521.8774,10.282554
3522.9852,10.940171
3524.0931,12.162896
3525.2012,14.186023
3526.3095,15.436903
3527.418,15.253896
3528.5266,14.260432
3529.6354,12.945199
3530.7444,11.985923
3531.8536,11.497235
3532.9629,11.487179
3534.0724,11.503268
3535.1821,11.402715
3536.2919,11.265963
3537.4019,10.912016
3538.5121,10.735043
3539.6225,10.638512
3540.7331,10.875817
3541.8438,11.428859
3542.9547,11.839115
3544.0658,11.557567
3545.177,10.944193
3546.2884,10.360985
3547.4,9.9547511
3548.5118,9.6933132
3549.6237,9.586727
3550.7358,9.5143288
3551.8481,9.486174
3552.9606,9.4600302
3554.0732,9.4640523
3555.186,9.3433886
3556.299,9.2468577
3557.4122,9.1684263
3558.5255,9.1000503
3559.639,8.9673203
3560.7527,8.8225239
3561.8666,8.6676722
3562.9806,8.5429864
3564.0948,8.496732
3565.2092,8.5490196
3566.3238,8.5972851
3567.4385,8.6556058
3568.5534,8.6737054
3569.6685,8.6254399
3570.7837,8.4082453
3571.8991,8.3800905
3573.0147,8.3278029
3574.1305,8.3378582
3575.2465,8.3599799
3576.3626,8.5409754
3577.4789,8.6133736
3578.5954,8.5731523
3579.712,8.5128205
3580.8288,8.5148316
3581.9458,8.4585219
3583.063,8.4263449
3584.1803,8.3579688
3585.2978,8.3680241
3586.4155,8.3901458
3587.5334,8.3398693
3588.6514,8.5087984
3589.7696,8.6113625
3590.888,8.7983912
3592.0066,8.8647562
3593.1253,8.8647562
3594.2442,8.7380593
3595.3633,8.6254399
3596.4826,8.6475616
3597.602,8.7963801
3598.7216,8.8446456
3599.8414,8.9472097
3600.9613,9.0155857
3602.0815,9.025641
3603.2018,9.1483157
3604.3223,9.2629462
3605.4429,9.321267
3606.5637,9.4781297
3607.6847,9.5465058
3608.8059,9.5223731
3609.9273,9.4982403
3611.0488,9.456008
3612.1705,9.389643
3613.2923,9.5263952
3614.4144,9.586727
3615.5366,9.5002514
3616.659,9.3192559
3617.7816,9.1020613
3618.9043,8.892911
3620.0272,8.9089995
3621.1503,8.9934641
3622.2736,9.0879839
3623.397,9.3956762
3624.5206,9.5847159
3625.6444,9.8159879
3626.7684,9.8381096
3627.8925,9.8763198
3629.0168,9.7737557
3630.1413,9.719457
3631.266,9.7134238
3632.3908,9.7777778
3633.5158,9.8019105
3634.641,9.9225742
3635.7663,9.9889392
3636.8919,10.115636
3638.0176,10.443439
3639.1434,11.881347
3640.2695,15.169432
3641.3957,19.39266
3642.5221,22.143791
3643.6487,22.300654
3644.7754,20.838612
3645.9024,19.131222
3647.0295,17.339367
3648.1567,15.475113
3649.2842,13.872298
3650.4118,12.386124
3651.5396,11.635998
3652.6675,10.940171
3653.7957,10.576169
3654.924,10.260432
3656.0525,10.320764
3657.1812,10.733032
3658.31,11.173454
3659.439,11.382604
3660.5682,11.149321
3661.6976,10.803419
3662.8271,10.580191
3663.9568,10.429361
3665.0867,10.139769
3666.2167,10.071393
3667.347,9.9929613
3668.4774,9.8662645
3669.608,9.9024635
3670.7387,10.043238
3671.8696,10.556058
3673.0007,11.434892
3674.132,12.66365
3675.2635,13.576672
3676.3951,13.765711
3677.5269,13.214681
3678.6589,12.309703
3679.791,11.37456
3680.9233,10.614379
3682.0558,10.107592
3683.1885,9.6349925
3684.3213,9.2408245
3685.4544,9.1000503
3686.5876,9.0980392
3687.7209,9.0377074
3688.8545,8.959276
3689.9882,9.15636
3691.1221,9.2508798
3692.2561,9.3252891
3693.3904,9.3393665
3694.5248,9.2428356
3695.6594,9.28909
3696.7941,9.4198089
3697.9291,9.5706385
3699.0642,9.8682755
3700.1995,10.093514
3701.3349,10.12368
3702.4705,9.9205631
3703.6063,9.7777778
3704.7423,9.4962293
3705.8785,9.2508798
3707.0148,9.1040724
3708.1513,9.0739065
3709.288,8.9391654
3710.4248,8.8366013
3711.5619,8.6475616
3712.6991,8.6415284
3713.8364,8.6435395
3714.974,8.563097
3716.1117,8.5128205
3717.2496,8.4424334
3718.3877,8.3660131
3719.5259,8.3056812
3720.6643,8.3459025
3721.8029,8.4082453
3722.9417,8.4062343
3724.0806,8.4725993
3725.2197,8.5590749
3726.359,8.6716943
3727.4985,8.7159377
3728.6381,8.693816
3729.778,8.6857717
3730.9179,8.5912519
3732.0581,8.4786325
3733.1984,8.5007541
3734.3389,8.3841126
3735.4796,8.3800905
3736.6205,8.4142785
3737.7615,8.5349422
3738.9027,8.7621921
3740.0441,8.858723
3741.1856,9.0336853
3742.3274,9.4077426
3743.4693,10.401207
3744.6114,12.020111
3745.7536,13.399698
3746.896,13.783811
3748.0386,13.357466
3749.1814,12.273504
3750.3244,11.316239
3751.4675,10.431373
3752.6108,9.8260432
3753.7542,9.3313223
3754.8979,9.0558069
3756.0417,8.8506787
3757.1857,8.7440925
3758.3299,8.6857717
3759.4742,8.6757164
3760.6187,8.5470085
3761.7634,8.5570639
3762.9083,8.4826546
3764.0533,8.3177476
3765.1985,8.331825
3766.3439,8.430367
3767.4895,8.6133736
3768.6352,8.6013072
3769.7811,8.6495726
3770.9272,8.6475616
3772.0734,8.7501257
3773.2199,8.7380593
3774.3665,8.725993
3775.5133,8.7621921
3776.6602,8.6254399
3777.8073,8.6535948
3778.9546,8.7159377
3780.1021,8.6897939
3781.2498,8.6656611
3782.3976,8.7400704
3783.5456,8.7561589
3784.6938,8.9753645
3785.8421,9.2146807
3786.9906,9.3735546
3788.1393,9.4017094
3789.2882,9.3011564
3790.4372,9.2086476
3791.5865,9.0377074
3792.7359,8.9210659
3793.8854,8.7782805
3795.0352,8.7380593
3796.1851,8.7823027
3797.3352,8.8164907
3798.4854,8.8406234
3799.6359,8.7581699
3800.7865,8.7963801
3801.9373,8.8305681
3803.0882,8.8667672
3804.2394,8.8828557
3805.3907,8.8466566
3806.5421,8.8305681
3807.6938,8.7119155
3808.8456,8.6737054
3809.9976,8.6334842
3811.1498,8.725993
3812.3022,8.8707893
3813.4547,8.8828557
3814.6074,8.9391654
3815.7603,9.124183
3816.9133,9.2750126
3818.0666,9.1804927
3819.22,9.0879839
3820.3735,9.0095525
3821.5273,8.9653092
3822.6812,9.0477627
3823.8353,9.3433886
3824.9896,9.7998994
3826.144,9.9145299
3827.2986,9.8159879
3828.4534,9.5384615
3829.6084,9.1302162
3830.7635,8.8788336
3831.9188,8.9311212
3833.0743,8.9291101
3834.23,8.9673203
3835.3858,9.0477627
3836.5418,9.0598291
3837.698,9.1000503
3838.8544,9.0055304
3840.0109,8.9793866
3841.1676,8.8908999
3842.3245,8.7139266
3843.4816,8.5590749
3844.6388,8.5309201
3845.7962,8.5510307
3846.9538,8.5409754
3848.1115,8.6113625
3849.2695,8.5268979
3850.4276,8.627451
3851.5858,8.6234289
3852.7443,8.561086
3853.9029,8.4786325
3855.0617,8.5711413
3856.2207,8.6013072
3857.3798,8.6576169
3858.5391,8.7179487
3859.6986,8.7521368
3860.8583,8.7883358
3862.0182,8.6857717
3863.1782,8.6837607
3864.3384,8.7320261
3865.4987,8.826546
3866.6593,8.9170437
3867.82,9.1603821
3868.9809,9.5465058
3870.1419,10.320764
3871.3032,11.300151
3872.4646,11.963801
3873.6262,11.987934
3874.7879,11.539467
3875.9499,10.93816
3877.112,10.377074
3878.2743,9.8260432
3879.4367,9.4157868
3880.5993,9.28909
3881.7621,9.3775767
3882.9251,9.4680744
3884.0883,9.4057315
3885.2516,9.3514329
3886.4151,9.3031674
3887.5788,9.4097536
3888.7426,10.10357
3889.9067,11.274007
3891.0709,12.378079
3892.2352,12.764203
3893.3998,12.388135
3894.5645,11.517345
3895.7294,10.733032
3896.8945,10.232278
3898.0597,9.9105078
3899.2251,9.7978884
3900.3907,9.5806938
3901.5565,9.4519859
3902.7224,9.3494218
3903.8885,9.2770236
3905.0548,9.1322272
3906.2213,9.0457516
3907.3879,9.0155857
3908.5547,8.8908999
3909.7217,8.860734
3910.8889,8.792358
3912.0562,8.8748115
3913.2237,8.9331322
3914.3914,8.9451986
3915.5593,9.0417295
3916.7273,9.0517848
3917.8955,9.1724485
3919.0639,9.3715435
3920.2324,9.620915
3921.4012,9.717446
3922.5701,9.6792358
3923.7391,9.8099548
3924.9084,10.163901
3926.0778,10.97637
3927.2474,11.780794
3928.4172,12.297637
3929.5871,12.072398
3930.7572,11.481146
3931.9275,10.849673
3933.098,10.381096
3934.2686,10.157868
3935.4395,10.069382
3936.6105,10.021116
3937.7816,10.023127
3938.953,10.208145
3940.1245,10.44545
3941.2962,10.576169
3942.468,10.622423
3943.6401,10.509804
3944.8123,10.348919
3945.9847,10.419306
3947.1572,10.791352
3948.33,11.080945
3949.5029,11.294118
3950.6759,11.304173
3951.8492,11.101056
3953.0226,11.060835
3954.1962,11.179487
3955.37,11.213675
3956.544,11.16541
3957.7181,11.151332
3958.8924,11.20362
3960.0669,11.414781
3961.2415,11.748617
3962.4163,12.138763
3963.5913,12.464555
3964.7665,12.444444
3965.9419,12.38009
3967.1174,12.583208
3968.2931,13.116139
3969.4689,14.153846
3970.645,15.368527
3971.8212,16.28356
3972.9976,16.709904
3974.1742,16.810458
3975.3509,16.776269
3976.5278,16.896933
3977.7049,17.244847
3978.8822,17.878331
3980.0596,18.147813
3981.2372,18.594268
3982.415,20.547009
3983.593,23.973856
3984.7711,27.076923
3985.9494,28.547009
3987.1279,28.884867
3988.3065,29.011564
3989.4854,30.525892
3990.6644,38.125691
3991.8435,57.496229
3993.0229,81.087984
3994.2024,90.817496
3995.3821,86.642534
3996.562,71.398693
3997.7421,54.694822
3998.9223,42.78733
4000.1027,34.873806
4001.2832,30.061337
4002.464,27.358472
4003.6449,25.87632
4004.826,25.108095
4006.0073,24.372046
4007.1887,23.1091
4008.3703,21.556561
4009.5521,20.004022
4010.7341,18.757164
4011.9162,18.149824
4013.0985,17.834087
4014.281,17.771745
4015.4637,17.986928
4016.6465,18.192056
4017.8295,18.280543
4019.0127,17.936652
4020.1961,17.544495
4021.3796,17.254902
4022.5633,17.027652
4023.7472,16.762192
4024.9313,16.39819
4026.1155,16.237305
4027.2999,16.699849
4028.4845,17.645048
4029.6692,19.026647
4030.8542,19.517345
4032.0393,18.741076
4033.2245,17.7818
4034.41,16.864756
4035.5956,16.245349
4036.7814,15.808949
4037.9674,15.503268
4039.1535,15.201609
4040.3398,15.086978
4041.5263,15.010558
4042.713,14.889894
4043.8998,14.910005
4045.0869,14.847662
4046.2741,14.759175
4047.4614,14.63449
4048.649,14.443439
4049.8367,14.334842
4051.0246,14.258421
4052.2126,14.16189
4053.4009,13.703369
4054.5893,13.773756
4055.7779,13.97084
4056.9666,13.761689
4058.1555,13.560583
4059.3447,13.283057
4060.5339,13.500251
4061.7234,13.624937
4062.913,13.371543
4064.1028,13.417798
4065.2928,13.805933
4066.483,14.097536
4067.6733,14.702866
4068.8638,14.839618
4070.0545,14.889894
4071.2453,14.928105
4072.4363,15.65812
4073.6275,17.339367
4074.8189,19.73454
4076.0104,20.28356
4077.2022,18.972348
4078.3941,17.144294
4079.5861,15.672197
4080.7784,14.602313
4081.9708,14.188034
4083.1634,13.87632
4084.3561,13.582705
4085.5491,13.180493
4086.7422,12.816491
4087.9355,12.713927
4089.1289,12.661639
4090.3226,12.460533
4091.5164,12.261438
4092.7104,12.295626
4093.9045,12.319759
4095.0989,12.05631
4096.2934,11.895425
4097.4881,11.631976
4098.6829,11.306184
4099.8779,11.050779
4101.0731,10.817496
4102.2685,10.652589
4103.4641,10.755153
4104.6598,10.53997
4105.8557,10.322775
4107.0518,10.435395
4108.248,10.419306
4109.4445,10.278532
4110.6411,10.184012
4111.8378,10.29462
4113.0348,10.304676
4114.2319,9.9567622
4115.4292,9.717446
4116.6267,10.326797
4117.8243,11.008547
4119.0221,11.308195
4120.2201,11.422826
4121.4183,11.296129
4122.6166,10.982403
4123.8151,10.451483
4125.0138,10.107592
4126.2127,10.001006
4127.4117,9.9105078
4128.6109,9.8702866
4129.8103,9.8360985
4131.0099,9.7295123
4132.2096,9.6229261
4133.4095,9.6671694
4134.6096,9.6148819
4135.8098,9.6551031
4137.0103,9.7254902
4138.2109,9.6168929
4139.4116,9.5907491
4140.6126,9.7737557
4141.8137,9.9064857
4143.015,9.9909502
4144.2165,10.091503
4145.4181,10.071393
4146.62,9.984917
4147.822,10.111614
4149.0241,10.194067
4150.2265,10.367019
4151.429,10.226244
4152.6317,10.286576
4153.8346,10.455505
4155.0376,10.606335
4156.2408,10.777275
4157.4442,11.030669
4158.6478,11.243841
4159.8515,11.302162
4161.0554,11.239819
4162.2595,11.434892
4163.4638,11.742584
4164.6682,12.016088
4165.8728,12.17094
4167.0776,12.317748
4168.2826,12.364002
4169.4877,12.559075
4170.693,12.697838
4171.8985,12.832579
4173.1041,13.001508
4174.31,13.510307
4175.516,14.352941
4176.7222,15.738562
4177.9285,17.451986
4179.135,18.288587
4180.3417,18.487682
4181.5486,18.340875
4182.7557,18.188034
4183.9629,19.748617
4185.1703,23.881347
4186.3778,28.649573
4187.5856,30.12368
4188.7935,28.563097
4190.0016,25.757667
4191.2099,23.034691
4192.4183,21.025641
4193.6269,19.698341
4194.8357,18.946204
4196.0447,18.282554
4197.2538,17.717446
4198.4631,16.92911
4199.6726,15.863248
4200.8823,15.038713
4202.0921,14.515837
4203.3021,14.139769
4204.5123,14.095525
4205.7227,13.68728
4206.9332,13.228758
4208.1439,12.197084
4209.3548,11.692308
4210.5659,11.255907
4211.7771,10.875817
4212.9885,10.61639
4214.2001,10.556058
4215.4118,10.324786
4216.6237,10.145802
4217.8358,10.077426
4219.0481,9.6933132
4220.2606,9.4399196
4221.4732,9.4017094
4222.686,9.3011564
4223.899,9.3172448
4225.1121,9.28909
4226.3254,9.2991453
4227.5389,9.1965812
4228.7526,9.1483157
4229.9664,9.1141277
4231.1804,9.2508798
4232.3946,9.1060835
4233.609,9.0779286
4234.8235,9.1362494
4236.0382,9.2146807
4237.2531,9.0960282
4238.4682,8.957265
4239.6834,8.9512318
4240.8988,8.9773756
4242.1144,9.0276521
4243.3302,9.0638512
4244.5461,9.0035194
4245.7622,8.9673203
4246.9785,8.9311212
4248.195,9.092006
4249.4116,9.1985923
4250.6284,9.321267
4251.8454,9.3755656
4253.0625,9.4278532
4254.2798,9.4358974
4255.4973,9.4157868
4256.715,9.1945701
4257.9329,9.2448467
4259.1509,9.1965812
4260.3691,9.3735546
4261.5875,9.4962293
4262.806,9.4922071
4264.0247,9.389643
4265.2436,9.321267
4266.4627,9.3273002
4267.6819,9.3273002
4268.9013,9.2870789
4270.1209,9.3393665
4271.3407,9.3453997
4272.5606,9.3795877
4273.7807,9.456008
4275.001,9.453997
4276.2215,9.4781297
4277.4421,9.4439417
4278.6629,9.2488688
4279.8839,9.025641
4281.1051,8.9974862
4282.3264,9.0015083
4283.5479,9.0397185
4284.7696,9.0175968
4285.9915,8.9874309
4287.2135,8.8446456
4288.4357,8.693816
4289.6581,8.725993
4290.8806,8.6556058
4292.1033,8.6556058
4293.3262,8.7642031
4294.5493,8.8748115
4295.7726,8.8667672
4296.996,9.02363
4298.2196,9.1784816
4299.4434,9.3333333
4300.6673,9.6008044
4301.8914,9.7456008
4303.1157,9.6551031
4304.3402,9.6148819
4305.5648,9.4600302
4306.7896,9.4761187
4308.0146,9.5103067
4309.2398,9.5646053
4310.4651,9.6249372
4311.6906,9.7677225
4312.9163,10.095525
4314.1422,10.936149
4315.3682,13.419809
4316.5944,17.47813
4317.8208,21.015586
4319.0474,22.10357
4320.2741,21.047763
4321.501,19.167421
4322.7281,17.252891
4323.9553,15.505279
4325.1828,13.534439
4326.4104,12.235294
4327.6382,11.284062
4328.8661,10.682755
4330.0942,10.198089
4331.3225,9.7757667
4332.551,9.5726496
4333.7797,9.3373555
4335.0085,9.2911011
4336.2375,9.1865259
4337.4666,9.0799397
4338.696,9.2106586
4339.9255,9.3252891
4341.1552,9.4901961
4342.3851,9.4479638
4343.6151,9.4057315
4344.8453,9.3373555
4346.0757,9.3011564
4347.3063,9.190548
4348.537,9.1201609
4349.7679,9.02363
4350.999,8.9612871
4352.2303,8.959276
4353.4617,8.8969331
4354.6933,8.860734
4355.9251,8.8124686
4357.1571,8.8366013
4358.3892,8.7963801
4359.6215,8.6978381
4360.854,8.6998492
4362.0866,8.7078934
4363.3195,8.6918049
4364.5525,8.629462
4365.7856,8.6556058
4367.019,8.6817496
4368.2525,8.7099045
4369.4862,8.6455505
4370.7201,8.6455505
4371.9541,8.6556058
4373.1884,8.6354952
4374.4228,8.5449975
4375.6573,8.5470085
4376.8921,8.5932629
4378.127,8.6415284
4379.3621,8.6153846
4380.5974,8.6113625
4381.8328,8.627451
4383.0684,8.629462
4384.3042,8.595274
4385.5402,8.6354952
4386.7763,8.6696833
4388.0126,8.6576169
4389.2491,8.6978381
4390.4858,8.7963801
4391.7226,8.7521368
4392.9596,8.7139266
4394.1968,8.7682252
4395.4342,8.6676722
4396.6717,8.6857717
4397.9094,8.7219708
4399.1473,8.792358
4400.3853,8.925088
4401.6236,9.1101056
4402.862,9.1704374
4404.1005,9.2468577
4405.3393,9.2287582
4406.5782,9.3112117
4407.8173,9.4600302
4409.0566,9.4680744
4410.296,9.4801408
4411.5357,9.4117647
4412.7754,9.4901961
4414.0154,9.5766717
4415.2556,9.5223731
4416.4959,9.5947712
4417.7364,9.7295123
4418.977,9.9487179
4420.2179,10.36903
4421.4589,10.628457
4422.7001,10.883861
4423.9415,10.910005
4425.183,10.662645
4426.4247,10.413273
4427.6666,10.322775
4428.9086,10.433384
4430.1509,10.628457
4431.3933,10.698844
4432.6359,10.652589
4433.8786,10.475616
4435.1216,10.475616
4436.3647,10.525892
4437.6079,10.648567
4438.8514,10.759175
4440.095,10.739065
4441.3388,10.491704
4442.5828,10.17999
4443.827,9.9627954
4445.0713,9.7978884
4446.3158,9.753645
4447.5605,9.9125189
4448.8053,10.051282
4450.0503,9.9728507
4451.2955,9.8461538
4452.5409,9.8240322
4453.7864,9.783811
4455.0322,9.6691805
4456.2781,9.5022624
4457.5241,9.3836099
4458.7704,9.3373555
4460.0168,9.4459527
4461.2634,9.6591252
4462.5101,9.6490699
4463.7571,9.6611362
4465.0042,9.8602313
4466.2515,10.270488
4467.4989,11.078934
4468.7466,11.788839
4469.9944,11.959779
4471.2423,11.567622
4472.4905,11.022624
4473.7388,10.535948
4474.9873,10.105581
4476.236,9.8662645
4477.4849,9.6470588
4478.7339,9.5143288
4479.9831,9.3735546
4481.2325,9.1644042
4482.482,9.092006
4483.7318,9.1080945
4484.9817,9.0638512
4486.2317,9.0839618
4487.482,9.1000503
4488.7324,9.0135747
4489.983,9.1040724
4491.2338,9.224736
4492.4847,9.4942182
4493.7358,9.6792358
4494.9871,9.7938663
4496.2386,9.753645
4497.4902,9.6812469
4498.742,9.6088487
4499.994,9.5927602
4501.2462,9.5907491
4502.4985,9.4841629
4503.751,9.5263952
4505.0037,9.5163399
4506.2566,9.5625943
4507.5096,9.5565611
4508.7628,9.5666164
4510.0162,9.618904
4511.2698,9.6349925
4512.5235,9.6611362
4513.7774,9.6832579
4515.0315,9.7657114
4516.2857,9.8562092
4517.5402,9.9909502
4518.7948,10.077426
4520.0496,10.17999
4521.3045,10.12368
4522.5596,10.147813
4523.8149,10.14178
4525.0704,10.169935
4526.326,10.214178
4527.5819,10.171946
4528.8379,10.192056
4530.094,10.252388
4531.3504,10.362996
4532.6069,10.433384
4533.8636,10.550025
4535.1205,10.630468
4536.3775,10.803419
4537.6347,10.895928
4538.8921,11.016591
4540.1497,11.097034
4541.4074,11.215686
4542.6653,11.565611
4543.9234,11.674208
4545.1817,11.708396
4546.4401,11.88537
4547.6987,12.002011
4548.9575,12.243338
4550.2164,12.357969
4551.4756,12.754148
4552.7349,13.218703
4553.9944,13.691302
4555.254,14.153846
4556.5138,14.473605
4557.7738,14.700855
4559.034,14.980392
4560.2944,15.207642
4561.5549,15.29814
4562.8156,15.461036
4564.0765,15.642031
4565.3375,15.821016
4566.5987,16.060332
4567.8601,16.412267
4569.1217,16.868778
4570.3834,17.083962
4571.6454,17.451986
4572.9075,17.91453
4574.1697,18.499749
4575.4322,19.159377
4576.6948,19.878667
4577.9576,20.644209
4579.2205,21.589408
4580.4837,22.712251
4581.747,23.945032
4583.0105,24.986761
4584.2741,25.567286
4585.538,25.772414
4586.802,25.947377
4588.0661,26.642534
4589.3305,28.034858
4590.595,29.824702
4591.8597,31.358472
4593.1246,32.364002
4594.3897,33.495558
4595.6549,36.542986
4596.9203,43.137927
4598.1859,52.412267
4599.4516,60.532259
4600.7176,63.73789
4601.9837,61.223397
4603.2499,55.320933
4604.5164,48.758842
4605.783,43.285402
4607.0498,39.286745
4608.3168,36.205128
4609.5839,33.501591
4610.8512,30.966984
4612.1187,28.976706
4613.3864,27.771409
4614.6542,27.298809
4615.9222,27.093012
4617.1904,26.574828
4618.4588,25.693313
4619.7273,24.654936
4620.996,23.818335
4622.2649,23.215017
4623.534,22.790683
4624.8032,22.479638
4626.0726,22.228925
4627.3422,21.994303
4628.612,21.650411
4629.8819,21.157701
4631.152,20.575833
4632.4223,19.947712
4633.6927,19.377241
4634.9634,18.855037
4636.2342,18.442098
4637.5051,18.120999
4638.7763,17.872298
4640.0476,17.6484
4641.3191,17.429195
4642.5908,17.226747
4643.8626,17.122172
4645.1346,16.979387
4646.4068,16.878834
4647.6792,16.762862
4648.9518,16.690464
4650.2245,16.534942
4651.4974,16.390816
4652.7704,16.294955
4654.0437,16.233954
4655.3171,16.202446
4656.5907,16.149489
4657.8644,16.251383
4659.1384,16.383442
4660.4125,16.4545
4661.6868,16.298308
4662.9612,16.112619
4664.2359,15.938997
4665.5107,15.782805
4666.7857,15.557567
4668.0608,15.421485
4669.3361,15.29814
4670.6116,15.14597
4671.8873,14.938831
4673.1632,14.833585
4674.4392,14.783979
4675.7154,14.704877
4676.9918,14.533937
4678.2683,14.44545
4679.5451,14.415284
4680.822,14.450143
4682.099,14.324116
4683.3763,14.169935
4684.6537,13.97151
4685.9313,13.850847
4687.2091,13.721468
4688.487,13.669851
4689.7651,13.594771
4691.0434,13.462712
4692.3219,13.191888
4693.6005,13.091335
4694.8793,13.09938
4696.1583,13.21267
4697.4375,13.07994
4698.7168,12.984079
4699.9963,12.960616
4701.276,13.095357
4702.5559,13.164404
4703.8359,13.291772
4705.1161,13.509636
4706.3965,13.704039
4707.6771,13.710072
4708.9578,13.537791
4710.2387,13.358137
4711.5198,13.235462
4712.801,13.185855
4714.0825,13.258253
4715.3641,13.333333
4716.6458,13.414446
4717.9278,13.527736
4719.2099,13.737557
4720.4922,13.950729
4721.7747,14.116307
4723.0573,14.320764
4724.3401,14.845651
4725.6231,15.92492
4726.9063,17.546506
4728.1897,19.166751
4729.4732,20.083123
4730.7569,20.05631
4732.0407,19.312887
4733.3248,18.35093
4734.609,17.468074
4735.8934,16.807105
4737.1779,16.331825
4738.4627,16.089827
4739.7476,16.138093
4741.0327,16.476621
4742.3179,16.983409
4743.6034,17.453997
4744.889,17.713424
4746.1747,17.526395
4747.4607,16.919725
4748.7468,16.117312
4750.0331,15.25993
4751.3196,14.563432
4752.6063,14.013072
4753.8931,13.632311
4755.1801,13.327971
4756.4673,13.160382
4757.7546,13.085973
4759.0421,13.007541
4760.3298,12.866767
4761.6177,12.695827
4762.9058,12.524887
4764.194,12.298977
4765.4824,12.126026
4766.7709,12.060332
4768.0597,12.121334
4769.3486,12.205799
4770.6377,12.342551
4771.927,12.567119
4773.2164,12.902296
4774.506,13.183844
4775.7958,13.366181
4777.0858,13.396347
4778.3759,13.362829
4779.6662,13.167756
4780.9567,12.91034
4782.2474,12.650243
4783.5382,12.450478
4784.8292,12.240657
4786.1204,11.990615
4787.4117,11.747947
4788.7033,11.595777
4789.995,11.523379
4791.2869,11.515334
4792.5789,11.506619
4793.8711,11.491202
4795.1635,11.442265
4796.4561,11.339032
4797.7489,11.167421
4799.0418,11.034691
4800.3349,11.015921
4801.6282,11.11044
4802.9216,11.167421
4804.2152,11.139937
4805.509,10.985085
4806.803,10.844311
4808.0971,10.699514
4809.3914,10.643205
4810.6859,10.588906
4811.9806,10.518519
4813.2754,10.417966
4814.5705,10.350259
4815.8656,10.345568
4817.161,10.341545
4818.4565,10.327468
4819.7523,10.248366
4821.0481,10.259092
4822.3442,10.238981
4823.6404,10.287247
4824.9368,10.383778
4826.2334,10.566114
4827.5302,10.761187
4828.8271,10.8242
4830.1242,10.80543
4831.4215,10.784649
4832.7189,10.777275
4834.0166,10.764538
4835.3144,10.792023
4836.6123,10.950226
4837.9105,11.215686
4839.2088,11.359812
4840.5073,11.349087
4841.806,11.476454
4843.1048,12.11396
4844.4038,13.3273
4845.703,14.741747
4847.0024,15.857215
4848.302,16.260098
4849.6017,15.859226
4850.9016,14.975699
4852.2016,13.950729
4853.5019,13.033685
4854.8023,12.269482
4856.1029,11.633316
4857.4036,11.1091
4858.7046,10.690799
4860.0057,10.400536
4861.307,10.251048
4862.6084,10.17865
4863.9101,10.132395
4865.2119,10.110273
4866.5138,10.111614
4867.816,10.186023
4869.1183,10.393833
4870.4208,10.851684
4871.7235,11.629294
4873.0264,12.559746
4874.3294,13.340707
4875.6326,13.691973
4876.936,13.57265
4878.2395,13.126865
4879.5432,12.482655
4880.8471,11.827049
4882.1512,11.233786
4883.4555,10.796045
4884.7599,10.5212
4886.0645,10.363667
4887.3692,10.33149
4888.6742,10.414613
4889.9793,10.552707
4891.2846,10.631138
4892.5901,10.545332
4893.8957,10.365008
4895.2015,10.200101
4896.5075,10.070722
4897.8137,9.9855877
4899.12,9.8937486
4900.4265,9.8146476
4901.7332,9.8086144
4903.04,9.905815
4904.3471,10.200771
4905.6543,10.594268
4906.9617,10.946875
4908.2692,11.099715
4909.577,11.009887
4910.8849,10.762527
4912.1929,10.424669
4913.5012,10.070052
4914.8096,9.7442604
4916.1182,9.5129884
4917.427,9.3487511
4918.7359,9.2327803
4920.0451,9.1194902
4921.3544,9.0162564
4922.6638,8.9646385
4923.9735,8.935814
4925.2833,8.9163731
4926.5933,8.9089995
4927.9035,8.903637
4929.2138,8.892911
4930.5243,8.8493384
4931.835,8.7957094
4933.1459,8.7715767
4934.4569,8.7662142
4935.7681,8.7615214
4937.0795,8.7300151
4938.3911,8.704542
4939.7028,8.6918049
4941.0147,8.7005199
4942.3268,8.7159377
4943.6391,8.7293444
4944.9515,8.7675546
4946.2641,8.7997315
4947.5769,8.8151503
4948.8898,8.7528074
4950.203,8.6609683
4951.5163,8.5744927
4952.8298,8.5376239
4954.1434,8.5148316
4955.4572,8.4672368
4956.7712,8.3975194
4958.0854,8.3526063
4959.3998,8.353276
4960.7143,8.3968497
4962.029,8.4290266
4963.3438,8.4431041
4964.6589,8.4504776
4965.9741,8.4384113
4967.2895,8.4062343
4968.6051,8.3418803
4969.9208,8.2849
4971.2367,8.2788668
4972.5528,8.2882524
4973.8691,8.3210991
4975.1855,8.3391986
4976.5021,8.3814309
4977.8189,8.4082453
4979.1359,8.3934972
4980.453,8.3499246
4981.7703,8.308363
4983.0878,8.2607672
4984.4055,8.2104912
4985.7233,8.191721
4987.0413,8.2051282
4988.3595,8.2721639
4989.6779,8.3157366
4990.9964,8.3673535
4992.3151,8.353276
4993.634,8.3003187
4994.953,8.252723
4996.2722,8.2245686
4997.5916,8.197084
4998.9112,8.1695993
5000.231,8.1213338
5001.5509,8.098542
5002.871,8.0851347
5004.1913,8.1139603
5005.5117,8.1749623
5006.8323,8.197084
5008.1531,8.197084
5009.4741,8.159544
5010.7952,8.1266968
5012.1165,8.1119492
5013.438,8.1220045
5014.7597,8.1602147
5016.0815,8.1836767
5017.4036,8.2078095
5018.7257,8.254734
5020.0481,8.3291433
5021.3706,8.3760684
5022.6933,8.3774088
5024.0162,8.353276
5025.3393,8.3700352
5026.6625,8.4136079
5027.9859,8.47327
5029.3095,8.5081277
5030.6333,8.5711413
5031.9572,8.6763871
5033.2813,8.8124686
5034.6056,8.9002846
5035.93,8.8754821
5037.2547,8.7776099
5038.5795,8.6462212
5039.9044,8.5436571
5041.2296,8.441093
5042.5549,8.3278029
5043.8804,8.2292609
5045.2061,8.1756325
5046.5319,8.1541815
5047.8579,8.1742921
5049.1841,8.1769734
5050.5105,8.2131724
5051.837,8.1823363
5053.1638,8.1193228
5054.4906,8.0502765
5055.8177,8.0382102
5057.1449,8.0878165
5058.4724,8.0978718
5059.7999,8.0697169
5061.1277,8.0160885
5062.4556,8.0040221
5063.7838,7.9745264
5065.112,7.9369869
5066.4405,7.8846993
5067.7691,7.8552036
5069.0979,7.86727
5070.4269,7.8558738
5071.7561,7.8324118
5073.0854,7.774091
5074.4149,7.7479472
5075.7446,7.7519693
5077.0744,7.7606838
5078.4045,7.7667169
5079.7347,7.7734203
5081.065,7.8096194
5082.3956,7.8324118
5083.7263,7.8210156
5085.0572,7.7526395
5086.3883,7.670186
5087.7195,7.5971176
5089.0509,7.5629296
5090.3825,7.5508632
5091.7143,7.5682921
5093.0462,7.5475113
5094.3784,7.5180156
5095.7106,7.433551
5097.0431,7.3631639
5098.3757,7.3055138
5099.7086,7.3055138
5101.0415,7.3343389
5102.3747,7.3410422
5103.708,7.338361
5105.0416,7.340372
5106.3752,7.365175
5107.7091,7.3879673
5109.0431,7.4201443
5110.3773,7.4570136
5111.7117,7.4462881
5113.0463,7.3812635
5114.381,7.2961287
5115.7159,7.2572484
5117.051,7.2445113
5118.3862,7.2277526
5119.7217,7.2297637
5121.0573,7.1969165
5122.393,7.1861906
5123.729,7.1553544
5125.0651,7.1808281
5126.4014,7.213005
5127.7379,7.2223896
5129.0745,7.1975867
5130.4113,7.1694319
5131.7483,7.1573655
5133.0855,7.1821684
5134.4228,7.1982569
5135.7604,7.2150161
5137.098,7.1962459
5138.4359,7.1995978
5139.7739,7.207642
5141.1122,7.213005
5142.4505,7.1801574
5143.7891,7.1426179
5145.1278,7.1077592
5146.4667,7.0842971
5147.8058,7.069549
5149.1451,7.0628457
5150.4845,7.0936818
5151.8241,7.1084299
5153.1639,7.107089
5154.5039,7.0916707
5155.844,7.0715601
5157.1843,7.1097702
5158.5248,7.1218366
5159.8654,7.1419472
5161.2062,7.1204962
5162.5472,7.1077592
5163.8884,7.0950226
5165.2298,7.080275
5166.5713,7.0661976
5167.913,7.074912
5169.2549,7.0970337
5170.5969,7.1003856
5171.9391,7.0977039
5173.2815,7.0789341
5174.6241,7.0688788
5175.9668,7.0641865
5177.3097,7.0588235
5178.6528,7.0454163
5179.9961,7.0393831
5181.3395,7.0863082
5182.6831,7.1553544
5184.0269,7.2096531
5185.3709,7.1975867
5186.715,7.1660799
5188.0593,7.1593766
5189.4038,7.1566953
5190.7485,7.1580357
5192.0933,7.1573655
5193.4383,7.1841795
5194.7835,7.1835093
5196.1289,7.1533434
5197.4744,7.0910005
5198.8201,7.0635158
5200.166,7.0159211
5201.512,7.0025138
5202.8582,7.0051951
5204.2046,7.0253057
5205.5512,7.040724
5206.898,7.0420649
5208.2449,7.0487682
5209.592,7.0507793
5210.9392,7.0501091
5212.2867,7.0601644
5213.6343,7.0487682
5214.9821,7.0521202
5216.3301,7.0521202
5217.6782,7.1003856
5219.0265,7.1432881
5220.375,7.1794872
5221.7237,7.1928944
5223.0725,7.1781463
5224.4215,7.1285405
5225.7707,7.0561423
5227.1201,7.003184
5228.4696,6.9991619
5229.8193,7.0367019
5231.1692,7.0527903
5232.5193,7.0997149
5233.8695,7.1191554
5235.2199,7.1754651
5236.5705,7.1747949
5237.9212,7.1814982
5239.2722,7.2170271
5240.6233,7.2572484
5241.9745,7.3102061
5243.326,7.338361
5244.6776,7.4268477
5246.0294,7.6011398
5247.3814,7.8290598
5248.7335,8.0723982
5250.0859,8.2399869
5251.4384,8.3331654
5252.791,8.3345068
5254.1439,8.2647893
5255.4969,8.1159713
5256.8501,7.9879336
5258.2035,7.8880508
5259.557,7.8545334
5260.9107,7.8424671
5262.2646,7.8739734
5263.6187,7.9208984
5264.9729,7.9705043
5266.3273,8.0006702
5267.6819,8.1052454
5269.0367,8.2895928
5270.3916,8.6033183
5271.7467,8.9458693
5273.102,9.1550196
5274.4574,9.1925591
5275.8131,9.1000503
5277.1689,9.0517848
5278.5249,9.0966988
5279.881,9.2260764
5281.2373,9.3594771
5282.5939,9.3742252
5283.9505,9.2307692
5285.3074,8.9860905
5286.6644,8.7233112
5288.0216,8.4846657
5289.379,8.2446787
5290.7365,8.0730684
5292.0942,7.9644711
5293.4521,7.928272
5294.8102,7.86727
5296.1685,7.7921905
5297.5269,7.709737
5298.8855,7.6500754
5300.2442,7.5736551
5301.6032,7.508631
5302.9623,7.4456174
5304.3216,7.4322107
5305.681,7.4141111
5307.0407,7.3986928
5308.4005,7.3732192
5309.7605,7.3772413
5311.1206,7.365175
5312.481,7.3336687
5313.8415,7.3276355
5315.2022,7.3578014
5316.563,7.3953409
5317.9241,7.3484163
5319.2853,7.2807104
5320.6466,7.2311046
5322.0082,7.2391488
5323.3699,7.2505445
5324.7318,7.2538964
5326.0939,7.2223896
5327.4562,7.1922237
5328.8186,7.1875314
5330.1812,7.213005
5331.544,7.2391488
5332.9069,7.2331156
5334.27,7.1962459
5335.6333,7.173454
5336.9968,7.1949055
5338.3604,7.2244007
5339.7242,7.2572484
5341.0882,7.2478632
5342.4524,7.2626109
5343.8167,7.2585887
5345.1813,7.2612705
5346.546,7.2431709
5347.9108,7.2170271
5349.2759,7.1942348
5350.6411,7.1975867
5352.0065,7.2123343
5353.372,7.2210493
5354.7377,7.2478632
5356.1037,7.2800402
5357.4697,7.2954585
5358.836,7.2760181
5360.2024,7.2458522
5361.569,7.213005
5362.9358,7.2163565
5364.3028,7.2223896
5365.6699,7.2512152
5367.0372,7.239819
5368.4047,7.2559075
5369.7723,7.274007
5371.1401,7.2565777
5372.5081,7.2277526
5373.8763,7.178817
5375.2447,7.1640689
5376.6132,7.1520025
5377.9819,7.1587064
5379.3508,7.1633987
5380.7198,7.1627285
5382.089,7.173454
5383.4584,7.1955757
5384.828,7.234456
5386.1977,7.2659628
5387.5676,7.2907657
5388.9377,7.2733368
5390.308,7.274007
5391.6784,7.2512152
5393.049,7.232445
5394.4198,7.2176973
5395.7908,7.2337858
5397.1619,7.2605998
5398.5332,7.2532262
5399.9047,7.2371378
5401.2764,7.2143454
5402.6482,7.1861906
5404.0202,7.1587064
5405.3924,7.1137924
5406.7647,7.1171443
5408.1373,7.1258587
5409.51,7.1560246
5410.8828,7.1452991
5412.2559,7.1385958
5413.6291,7.1298808
5415.0025,7.1037371
5416.3761,7.0829563
5417.7498,7.0822861
5419.1238,7.0997149
5420.4978,7.0956928
5421.8721,7.0601644
5423.2466,7.0413942
5424.6212,7.0420649
5425.996,7.0333499
5427.3709,7.0320095
5428.7461,7.0132393
5430.1214,6.9824032
5431.4969,6.9468743
5432.8725,6.9086642
5434.2484,6.9120161
5435.6244,6.8979387
5437.0006,6.8925757
5438.3769,6.875817
5439.7535,6.8818502
5441.1302,6.8711247
5442.5071,6.8778281
5443.8841,6.8650915
5445.2614,6.8939165
5446.6388,6.9073238
5448.0163,6.9401709
5449.3941,6.9448633
5450.772,6.9837441
5452.1501,7.0065359
5453.5284,7.0065359
5454.9069,6.9730181
5456.2855,6.9508964
5457.6643,6.942182
5459.0432,6.9180493
5460.4224,6.9086642
5461.8017,6.9012906
5463.1812,6.9059829
5464.5609,6.9012906
5465.9407,6.9039718
5467.3207,6.9167084
5468.7009,6.9066531
5470.0813,6.9073238
5471.4618,6.9374897
5472.8426,6.9904475
5474.2234,7.0313389
5475.6045,7.0554716
5476.9857,7.0796043
5478.3672,7.1204962
5479.7487,7.1325626
5481.1305,7.1325626
5482.5124,7.1493213
5483.8945,7.1714429
5485.2768,7.1828391
5486.6593,7.1660799
5488.0419,7.1439583
5489.4247,7.1171443
5490.8077,7.112452
5492.1909,7.1493213
5493.5742,7.266633
5494.9577,7.4382438
5496.3414,7.6527567
5497.7252,7.8283896
5499.1092,7.9054801
5500.4934,7.8699512
5501.8778,7.7580025
5503.2623,7.6473942
5504.6471,7.5408079
5506.032,7.4261775
5507.417,7.3148984
5508.8023,7.2176973
5510.1877,7.1821684
5511.5733,7.1600468
5512.9591,7.200268
5514.345,7.2378079
5515.7311,7.3316576
5517.1174,7.3933298
5518.5039,7.4905314
5519.8905,7.5240488
5521.2773,7.5280709
5522.6643,7.4684097
5524.0515,7.4181332
5525.4388,7.3799231
5526.8263,7.3691971
5528.214,7.3745601
5529.6018,7.4141111
5530.9899,7.4288587
5532.3781,7.4241664
5533.7664,7.3470754
5535.155,7.268644
5536.5437,7.1949055
5537.9326,7.1520025
5539.3217,7.1533434
5540.711,7.1278698
5542.1004,7.0822861
5543.49,7.0186023
5544.8798,6.9844143
5546.2697,7.0005028
5547.6598,6.9917883
5549.0501,6.9870955
5550.4406,6.9569296
5551.8312,6.9569296
5553.222,6.9381599
5554.613,6.9307858
5556.0042,6.9160382
5557.3955,6.9341378
5558.7871,6.9488854
5560.1787,6.9354786
5561.5706,6.8818502
5562.9626,6.8288924
5564.3549,6.7900116
5565.7472,6.7812971
5567.1398,6.7913524
5568.5325,6.8121332
5569.9254,6.7987265
5571.3185,6.7859894
5572.7118,6.7833082
5574.1052,6.8027486
5575.4988,6.8007376
5576.8926,6.7759341
5578.2866,6.777275
5579.6807,6.7900116
5581.075,6.8221885
5582.4695,6.838277
5583.8641,6.8563766
5585.2589,6.8738059
5586.6539,6.8858723
5588.0491,6.8778281
5589.4444,6.8496732
5590.84,6.8181664
5592.2357,6.8081111
5593.6315,6.8067707
5595.0276,6.8014077
5596.4238,6.7866601
5597.8202,6.7759341
5599.2167,6.7873303
5600.6135,6.8054299
5602.0104,6.8047597
5603.4075,6.7960448
5604.8048,6.74845
5606.2022,6.7330317
5607.5998,6.7196244
5608.9976,6.7249874
5610.3955,6.7323615
5611.7937,6.7243172
5613.192,6.7518014
5614.5905,6.7571644
5615.9891,6.7618567
5617.388,6.7370538
5618.787,6.7256576
5620.1861,6.7102398
5621.5855,6.7290096
5622.985,6.7457682
5624.3847,6.7846491
5625.7846,6.7806269
5627.1846,6.7819673
5628.5849,6.7745938
5629.9853,6.7953746
5631.3858,6.816826
5632.7866,6.8101222
5634.1875,6.8034188
5635.5886,6.804089
5636.9899,6.8389477
5638.3913,6.8536953
5639.7929,6.8697838
5641.1947,6.8496732
5642.5967,6.8463213
5643.9988,6.8342549
5645.4011,6.8597285
5646.8036,6.8952574
5648.2063,6.9314565
5649.6091,6.9488854
5651.0121,6.947545
5652.4153,6.9301156
5653.8187,6.9160382
5655.2222,6.9267637
5656.6259,6.9401709
5658.0298,6.9395008
5659.4339,6.9146973
5660.8381,6.9006199
5662.2425,6.947545
5663.6471,6.9844143
5665.0518,7.0212836
5666.4568,6.9998326
5667.8619,7.0098879
5669.2671,7.0212836
5670.6726,7.0796043
5672.0782,7.1171443
5673.484,7.1399362
5674.89,7.1385958
5676.2961,7.1580357
5677.7024,7.2083122
5679.1089,7.2941176
5680.5156,7.3477461
5681.9225,7.3685269
5683.3295,7.3209316
5684.7367,7.2626109
5686.144,7.1801574
5687.5516,7.1211664
5688.9593,7.0755822
5690.3672,7.0514495
5691.7752,7.0266466
5693.1835,7.0025138
5694.5919,7.001173
5696.0005,7.0072061
5697.4092,7.0165913
5698.8182,7.0078768
5700.2273,6.9897773
5701.6365,6.9951398
5703.046,7.0380427
5704.4556,7.0916707
5705.8654,7.1198255
5707.2754,7.1091001
5708.6856,7.1091001
5710.0959,7.1251885
5711.5064,7.1674208
5712.9171,7.1747949
5714.3279,7.2156863
5715.7389,7.2780292
5717.1501,7.3886375
5718.5615,7.4670689
5719.9731,7.5160045
5721.3848,7.5555556
5722.7967,7.6011398
5724.2087,7.6393499
5725.621,7.7137592
5727.0334,7.7962127
5728.446,7.8813474
5729.8588,7.8947546
5731.2717,7.8598959
5732.6848,7.7848165
5734.0981,7.7177813
5735.5116,7.6567788
5736.9252,7.6065023
5738.339,7.5253896
5739.753,7.4737723
5741.1672,7.4482991
5742.5815,7.4891905
5743.996,7.5582368
5745.4107,7.6192393
5746.8255,7.6721971
5748.2406,7.6567788
5749.6558,7.6420312
5751.0711,7.5897436
5752.4867,7.5776772
5753.9024,7.5803585
5755.3183,7.6031508
5756.7344,7.638009
5758.1506,7.6561086
5759.5671,7.6768894
5760.9837,7.7492876
5762.4004,7.8719623
5763.8174,8.039551
5765.2345,8.1642368
5766.6518,8.2802081
5768.0693,8.3351765
5769.4869,8.3351765
5770.9047,8.2513826
5772.3227,8.1220045
5773.7409,7.9892745
5775.1592,7.872633
5776.5777,7.8163233
5777.9964,7.7492876
5779.4153,7.6923077
5780.8343,7.5863917
5782.2535,7.5126531
5783.6729,7.4570136
5785.0925,7.4342217
5786.5122,7.3785822
5787.9321,7.3296466
5789.3522,7.2833922
5790.7725,7.3095359
5792.1929,7.3283057
5793.6135,7.3517682
5795.0343,7.3323278
5796.4552,7.3423831
5797.8763,7.3611528
5799.2976,7.4201443
5800.7191,7.4784651
5802.1408,7.5689628
5803.5626,7.6212504
5804.9846,7.6266129
5806.4068,7.5924248
5807.8291,7.5367858
5809.2516,7.4643876
5810.6743,7.4000337
5812.0972,7.3913188
5813.5202,7.4248366
5814.9434,7.4188034
5816.3668,7.3571307
5817.7904,7.3216023
5819.2141,7.343724
5820.6381,7.3618235
5822.0621,7.343724
5823.4864,7.2954585
5824.9108,7.2914364
5826.3355,7.29881
5827.7602,7.2827215
5829.1852,7.2498743
5830.6103,7.2217195
5832.0356,7.2545666
5833.4611,7.2760181
5834.8868,7.2813811
5836.3126,7.2612705
5837.7386,7.232445
5839.1648,7.2069718
5840.5911,7.1526732
5842.0177,7.144629
5843.4444,7.1406068
5844.8712,7.1721131
5846.2983,7.1379251
5847.7255,7.1198255
5849.1529,7.1057481
5850.5805,7.1318919
5852.0082,7.1238477
5853.4361,7.1023967
5854.8642,7.0702197
5856.2925,7.0367019
5857.7209,6.9998326
5859.1496,6.974359
5860.5784,6.9891066
5862.0073,7.0025138
5863.4365,6.9944696
5864.8658,6.9783811
5866.2953,6.9837441
5867.7249,7.0165913
5869.1548,7.0159211
5870.5848,6.9783811
5872.015,6.9656445
5873.4453,6.9937994
5874.8758,7.0320095
5876.3065,7.0434052
5877.7374,7.0165913
5879.1685,6.9978215
5880.5997,6.9911177
5882.0311,6.9991619
5883.4627,7.0239653
5884.8944,7.0360317
5886.3264,7.0601644
5887.7585,7.0896596
5889.1908,7.135914
5890.6232,7.1747949
5892.0558,7.1861906
5893.4886,7.1908834
5894.9216,7.1962459
5896.3547,7.2264118
5897.7881,7.213005
5899.2215,7.202279
5900.6552,7.1520025
5902.0891,7.139266
5903.5231,7.1298808
5904.9573,7.1399362
5906.3916,7.1546843
5907.8262,7.1640689
5909.2609,7.1841795
5910.6958,7.1949055
5912.1308,7.2230603
5913.5661,7.2277526
5915.0015,7.2297637
5916.4371,7.245182
5917.8728,7.2894253
5919.3088,7.3464052
5920.7449,7.365175
5922.1811,7.3812635
5923.6176,7.4094183
5925.0542,7.4409251
5926.491,7.4529915
5927.928,7.465728
5929.3652,7.4771242
5930.8025,7.5213675
5932.24,7.6051619
5933.6777,7.6936486
5935.1155,7.8042569
5936.5535,7.9061503
5937.9917,8.0489356
5939.4301,8.1682589
5940.8686,8.263449
5942.3074,8.3459025
5943.7463,8.428356
5945.1853,8.4880171
5946.6246,8.5235465
5948.064,8.5389643
5949.5036,8.6153846
5950.9433,8.8057647
5952.3833,9.1684263
5953.8234,9.6933132
5955.2637,10.318753
5956.7041,10.925423
5958.1448,11.328976
5959.5856,11.456343
5961.0266,11.31691
5962.4677,10.979721
5963.9091,10.564103
5965.3506,10.088822
5966.7922,9.631641
5968.2341,9.1717778
5969.6761,8.7608517
5971.1183,8.4471262
5972.5607,8.2466898
5974.0033,8.1334002
5975.446,8.066365
5976.8889,8.0127366
5978.332,7.9979889
5979.7752,7.9966481
5981.2186,8.0020111
5982.6622,7.9872634
5984.106,7.9356461
5985.5499,7.9074912
5986.9941,7.8853695
5988.4384,7.8558738
5989.8828,7.7888386
5991.3275,7.7412433
5992.7723,7.7331991
5994.2173,7.7580025
5995.6624,7.7539804
5997.1078,7.736551
5998.5533,7.7083962
5999.999,7.6608009
6001.4448,7.6346571
6002.8909,7.6178984
6004.3371,7.6225908
6005.7835,7.609184
6007.23,7.5790181
6008.6768,7.6078431
6010.1237,7.6708562
6011.5707,7.7707391
6013.018,7.8344228
6014.4654,7.8840287
6015.913,7.8887215
6017.3608,7.8478296
6018.8088,7.8364339
6020.2569,7.8169935
6021.7052,7.8169935
6023.1537,7.7754314
6024.6023,7.7459361
6026.0511,7.7787833
6027.5001,7.8283896
6028.9493,7.8531926
6030.3986,7.8317411
6031.8482,7.8324118
6033.2979,7.9034691
6034.7477,8
6036.1978,8.0811126
6037.648,8.1561926
6039.0984,8.2104912
6040.5489,8.2245686
6041.9997,8.1461373
6043.4506,7.994637
6044.9017,7.8572147
6046.3529,7.7472765
6047.8044,7.6882856
6049.256,7.6447124
6050.7078,7.609184
6052.1597,7.5890734
6053.6119,7.5944359
6055.0642,7.6004691
6056.5166,7.6185686
6057.9693,7.5796883
6059.4221,7.5589075
6060.8751,7.5240488
6062.3283,7.5099713
6063.7817,7.5025978
6065.2352,7.5113122
6066.6889,7.4898607
6068.1428,7.4643876
6069.5968,7.4161222
6071.051,7.3685269
6072.5054,7.3370201
6073.96,7.3450644
6075.4147,7.399363
6076.8697,7.4757833
6078.3248,7.5615887
6079.78,7.6292946
6081.2355,7.6487345
6082.6911,7.6279537
6084.1469,7.5783474
6085.6028,7.5200267
6087.059,7.4523213
6088.5153,7.4248366
6089.9718,7.3678567
6091.4284,7.3309869
6092.8853,7.2465224
6094.3423,7.2156863
6095.7995,7.202279
6097.2568,7.2331156
6098.7143,7.2425003
6100.1721,7.2237305
6101.6299,7.2183675
6103.088,7.2371378
6104.5462,7.2565777
6106.0046,7.232445
6107.4632,7.200268
6108.9219,7.1801574
6110.3809,7.1902127
6111.84,7.1781463
6113.2992,7.1660799
6114.7587,7.135914
6116.2183,7.1064188
6117.6781,7.0648567
6119.1381,7.048098
6120.5982,7.0554716
6122.0585,7.0581533
6123.519,7.0755822
6124.9797,7.1010558
6126.4405,7.1654098
6127.9016,7.1989276
6129.3628,7.1835093
6130.8241,7.1238477
6132.2857,7.0842971
6133.7474,7.0534605
6135.2093,7.0273167
6136.6713,6.9911177
6138.1336,6.9663147
6139.596,6.9488854
6141.0585,6.9508964
6142.5213,6.974359
6143.9842,6.9770402
6145.4473,6.9515671
6146.9106,6.9381599
6148.3741,6.9529075
6149.8377,6.9589407
6151.3015,6.9535782
6152.7655,6.9294454
6154.2296,6.9207305
6155.694,6.9146973
6157.1585,6.9381599
6158.6231,6.913357
6160.088,6.8952574
6161.553,6.8697838
6163.0182,6.8898944
6164.4836,6.9066531
6165.9491,6.9086642
6167.4148,6.9361488
6168.8807,6.9596114
6170.3468,6.9964806
6171.813,7.0159211
6173.2794,7.0038547
6174.746,6.9730181
6176.2128,6.9234123
6177.6797,6.8885535
6179.1469,6.8724651
6180.6141,6.8925757
6182.0816,6.9260935
6183.5492,6.9274344
6185.017,6.8872132
6186.485,6.8644208
6187.9532,6.846992
6189.4215,6.8885535
6190.89,6.9274344
6192.3587,6.9904475
6193.8276,7.0045249
6195.2966,6.9958105
6196.7658,6.9783811
6198.2352,6.9736888
6199.7047,6.9931287
6201.1744,7.0065359
6202.6443,7.0105581
6204.1144,6.9864253
6205.5847,6.9609517
6207.0551,6.9649739
6208.5257,6.9656445
6209.9964,6.9877662
6211.4674,6.9609517
6212.9385,6.9596114
6214.4098,6.9441931
6215.8813,6.9582705
6217.3529,6.974359
6218.8247,7.0118989
6220.2967,7.0232946
6221.7689,7.0192725
6223.2412,6.9850845
6224.7137,6.9663147
6226.1864,6.9562594
6227.6593,6.947545
6229.1323,6.913357
6230.6055,6.8744761
6232.0789,6.8550362
6233.5525,6.8771579
6235.0262,6.8818502
6236.5001,6.88118
6237.9742,6.8764872
6239.4484,6.8764872
6240.9229,6.8510141
6242.3975,6.8282217
6243.8722,6.8074409
6245.3472,6.8409588
6246.8223,6.8751468
6248.2976,6.9321267
6249.7731,6.9441931
6251.2487,6.9515671
6252.7246,6.9696667
6254.2006,7.0212836
6255.6767,7.0387129
6257.1531,7.001173
6258.6296,6.9408411
6260.1063,6.9059829
6261.5831,6.9180493
6263.0602,6.9281046
6264.5374,6.9629628
6266.0148,6.9602815
6267.4924,6.9683258
6268.9701,6.9435229
6270.448,6.9348079
6271.9261,6.9207305
6273.4044,6.9287748
6274.8828,6.9334676
6276.3614,6.9455339
6277.8402,6.9441931
6279.3191,6.9810623
6280.7983,7.0192725
6282.2776,7.0400538
6283.7571,7.0346908
6285.2367,7.0246355
6286.7165,7.0494384
6288.1965,7.0916707
6289.6767,7.1097702
6291.1571,7.0970337
6292.6376,7.0561423
6294.1183,7.0554716
6295.5992,7.0561423
6297.0802,7.0930116
6298.5614,7.107089
6300.0428,7.1332328
6301.5244,7.1647396
6303.0061,7.2016088
6304.4881,7.2411599
6305.9701,7.200268
6307.4524,7.139266
6308.9349,7.0635158
6310.4175,7.0413942
6311.9003,7.0360317
6313.3832,7.0541312
6314.8664,7.0809452
6316.3497,7.1399362
6317.8332,7.1835093
6319.3168,7.1982569
6320.8007,7.1915535
6322.2847,7.1962459
6323.7688,7.2083122
6325.2532,7.178817
6326.7377,7.1647396
6328.2224,7.1560246
6329.7073,7.1620578
6331.1924,7.135914
6332.6776,7.1587064
6334.163,7.1667506
6335.6486,7.1660799
6337.1343,7.1204962
6338.6203,7.0775933
6340.1064,7.0373721
6341.5926,7.0072061
6343.0791,7.01391
6344.5657,7.0413942
6346.0525,7.0333499
6347.5395,7.0078768
6349.0266,6.9917883
6350.5139,6.9857551
6352.0014,7.0165913
6353.4891,6.9904475
6354.9769,6.9897773
6356.4649,6.9535782
6357.9531,6.9716777
6359.4415,6.9756998
6360.93,6.9857551
6362.4187,6.9562594
6363.9076,6.915368
6365.3967,6.8644208
6366.8859,6.8342549
6368.3753,6.8188371
6369.8649,6.8409588
6371.3547,6.88118
6372.8446,6.9126863
6374.3347,6.9019608
6375.825,6.8677728
6377.3154,6.8778281
6378.8061,6.9227416
6380.2969,6.9622926
6381.7878,6.9696667
6383.279,6.9602815
6384.7703,6.9522373
6386.2618,6.9374897
6387.7535,6.9441931
6389.2453,6.9837441
6390.7374,7.0387129
6392.2296,7.0876486
6393.7219,7.14664
6395.2145,7.1814982
6396.7072,7.1855204
6398.2001,7.1513323
6399.6931,7.1218366
6401.1864,7.1164741
6402.6798,7.0990447
6404.1734,7.0769231
6405.6671,7.0420649
6407.1611,7.0400538
6408.6552,7.0514495
6410.1495,7.0501091
6411.6439,7.0293278
6413.1386,6.9870955
6414.6334,6.9596114
6416.1284,6.942182
6417.6235,6.9589407
6419.1189,6.9803922
6420.6144,7.0018436
6422.11,7.0159211
6423.6059,7.0098879
6425.1019,7.0072061
6426.5981,6.9837441
6428.0945,6.9850845
6429.591,6.9663147
6431.0878,6.9676556
6432.5847,6.9482152
6434.0817,6.9448633
6435.579,6.9012906
6437.0764,6.8852021
6438.574,6.8731357
6440.0718,6.8999497
6441.5697,6.9059829
6443.0678,6.9167084
6444.5661,6.9220714
6446.0646,6.9294454
6447.5632,6.9214012
6449.0621,6.9274344
6450.561,6.9381599
6452.0602,6.9582705
6453.5595,6.9696667
6455.0591,6.9669849
6456.5587,6.9448633
6458.0586,6.9488854
6459.5586,6.9488854
6461.0588,6.9830734
6462.5592,6.9884364
6464.0598,7.0105581
6465.5605,7.042735
6467.0614,7.0360317
6468.5625,7.0340206
6470.0637,7.0051951
6471.5652,7.042735
6473.0668,7.0708899
6474.5686,7.1091001
6476.0705,7.1064188
6477.5726,7.112452
6479.0749,7.0782639
6480.5774,7.0548014
6482.08,7.0206134
6483.5829,7.003184
6485.0859,6.9924585
6486.589,6.9824032
6488.0924,6.9622926
6489.5959,6.9254233
6491.0996,6.9146973
6492.6034,6.9401709
6494.1075,6.981733
6495.6117,7.0172614
6497.1161,7.0212836
6498.6207,7.0172614
6500.1254,6.9857551
6501.6303,6.9924585
6503.1354,7.008547
6504.6406,7.0266466
6506.1461,7.0246355
6507.6517,7.0025138
6509.1575,6.9978215
6510.6634,6.9837441
6512.1696,6.9770402
6513.6759,6.9602815
6515.1823,6.9287748
6516.689,6.9167084
6518.1958,6.8858723
6519.7028,6.9019608
6521.21,6.8999497
6522.7173,6.9167084
6524.2249,6.9086642
6525.7326,6.9167084
6527.2404,6.9408411
6528.7485,6.9663147
6530.2567,6.9810623
6531.7651,6.9468743
6533.2737,6.9287748
6534.7824,6.9193901
6536.2913,6.9415118
6537.8004,6.981733
6539.3097,7.0159211
6540.8191,7.0688788
6542.3287,7.0775933
6543.8385,7.0735711
6545.3485,7.0534605
6546.8586,7.0507793
6548.3689,7.0641865
6549.8794,7.0735711
6551.3901,7.0581533
6552.9009,7.0487682
6554.4119,7.040724
6555.9231,7.0326797
6557.4345,7.0118989
6558.946,6.974359
6560.4577,6.9824032
6561.9696,7.0132393
6563.4816,7.0601644
6564.9939,7.069549
6566.5063,7.0514495
6568.0188,7.0561423
6569.5316,7.0588235
6571.0445,7.0581533
6572.5576,7.040724
6574.0709,7.0434052
6575.5843,7.0326797
6577.098,7.0192725
6578.6117,7.0239653
6580.1257,7.0527903
6581.6399,7.0708899
6583.1542,7.0588235
6584.6687,7.0769231
6586.1833,7.1050779
6587.6982,7.1540136
6589.2132,7.200268
6590.7284,7.2485334
6592.2437,7.27937
6593.7593,7.2699849
6595.275,7.2807104
6596.7909,7.2941176
6598.3069,7.3128874
6599.8232,7.2981398
6601.3396,7.3075249
6602.8562,7.3108763
6604.3729,7.3443942
6605.8898,7.3370201
6607.4069,7.3216023
6608.9242,7.2947878
6610.4417,7.2813811
6611.9593,7.3169095
6613.4771,7.3350091
6614.9951,7.3584716
6616.5132,7.3792524
6618.0316,7.4033851
6619.5501,7.4208145
6621.0687,7.4121
6622.5876,7.4060669
6624.1066,7.4033851
6625.6258,7.4087481
6627.1452,7.4268477
6628.6647,7.4623766
6630.1844,7.4811463
6631.7043,7.4952237
6633.2244,7.5200267
6634.7446,7.5488522
6636.265,7.5803585
6637.7856,7.5837104
6639.3064,7.6031508
6640.8273,7.6225908
6642.3484,7.6581197
6643.8697,7.707726
6645.3912,7.7727501
6646.9128,7.8458185
6648.4346,7.941009
6649.9566,8.0549688
6651.4787,8.1850176
6653.0011,8.2735043
6654.5236,8.308363
6656.0463,8.2775264
6657.5691,8.1602147
6659.0921,8.0180995
6660.6153,7.8659291
6662.1387,7.7566616
6663.6623,7.6708562
6665.186,7.6065023
6666.7099,7.5394671
6668.234,7.5160045
6669.7582,7.499916
6671.2826,7.5005867
6672.8072,7.4858386
6674.332,7.4462881
6675.8569,7.4288587
6677.382,7.4074072
6678.9073,7.4053962
6680.4328,7.404726
6681.9584,7.4060669
6683.4843,7.4074072
6685.0102,7.4040558
6686.5364,7.4053962
6688.0627,7.3973519
6689.5893,7.3913188
6691.1159,7.365175
6692.6428,7.3638346
6694.1698,7.3564605
6695.697,7.3410422
6697.2244,7.3202614
6698.752,7.3102061
6700.2797,7.3202614
6701.8076,7.3584716
6703.3357,7.3933298
6704.8639,7.4214847
6706.3924,7.4328808
6707.921,7.4650578
6709.4497,7.5012569
6710.9787,7.5274007
6712.5078,7.5113122
6714.0371,7.508631
6715.5666,7.4972348
6717.0962,7.5059492
6718.6261,7.4885204
6720.156,7.4697501
6721.6862,7.4402549
6723.2166,7.4121
6724.7471,7.3906486
6726.2778,7.3738899
6727.8086,7.3812635
6729.3397,7.3933298
6730.8709,7.3940005
6732.4023,7.4074072
6733.9338,7.4208145
6735.4656,7.4462881
6736.9975,7.4456174
6738.5296,7.4630468
6740.0618,7.4650578
6741.5943,7.4744429
6743.1269,7.4610357
6744.6596,7.4858386
6746.1926,7.5072901
6747.7257,7.5260598
6749.259,7.5381262
6750.7925,7.5615887
6752.3262,7.5884027
6753.86,7.603821
6755.394,7.6286239
6756.9282,7.6943188
6758.4625,7.7647059
6759.997,7.8290598
6761.5317,7.8431373
6763.0666,7.8652589
6764.6017,7.8511815
6766.1369,7.8525224
6767.6723,7.8438074
6769.2078,7.8397853
6770.7436,7.827719
6772.2795,7.8069382
6773.8156,7.8143122
6775.3519,7.8706219
6776.8883,7.9249206
6778.4249,7.9832413
6779.9617,7.9986591
6781.4987,8.0536285
6783.0358,8.0811126
6784.5731,8.1508296
6786.1106,8.1736214
6787.6482,8.1870287
6789.1861,8.1615551
6790.7241,8.1642368
6792.2623,8.1964138
6793.8006,8.2138426
6795.3392,8.1863585
6796.8779,8.1427853
6798.4167,8.1226747
6799.9558,8.1394334
6801.495,8.1742921
6803.0344,8.2238979
6804.574,8.2875817
6806.1137,8.3459025
6807.6537,8.3767391
6809.1938,8.4035525
6810.734,8.4169603
6812.2745,8.4189713
6813.8151,8.3988607
6815.3559,8.3814309
6816.8969,8.3780794
6818.438,8.4209824
6819.9793,8.5141609
6821.5208,8.6354952
6823.0625,8.7501257
6824.6043,8.8278864
6826.1463,8.8868778
6827.6885,8.9069884
6829.2309,8.9002846
6830.7734,8.9190548
6832.3161,8.9639688
6833.859,9.0846325
6835.4021,9.2166918
6836.9453,9.3822695
6838.4887,9.5237134
6840.0323,9.6323107
6841.576,9.6651584
6843.12,9.642366
6844.6641,9.6034862
6846.2083,9.5961116
6847.7528,9.6122001
6849.2974,9.6859397
6850.8422,9.7824706
6852.3872,9.8944193
6853.9323,9.982906
6855.4777,10.054633
6857.0232,10.08681
6858.5688,10.023127
6860.1147,9.8977707
6861.6607,9.7402383
6863.2069,9.5511986
6864.7533,9.3407069
6866.2998,9.1590417
6867.8465,9.0437406
6869.3934,8.9760352
6870.9405,8.8962625
6872.4877,8.8439749
6874.0351,8.8191724
6875.5827,8.7863248
6877.1305,8.7360483
6878.6784,8.6810789
6880.2265,8.6609683
6881.7748,8.6281217
6883.3233,8.606
6884.8719,8.6200774
6886.4207,8.6462212
6887.9697,8.6475616
6889.5188,8.606
6891.0682,8.5691302
6892.6177,8.5302494
6894.1674,8.4813142
6895.7172,8.4330488
6897.2672,8.4149492
6898.8174,8.4149492
6900.3678,8.4203117
6901.9184,8.4055636
6903.4691,8.3660131
6905.02,8.3097034
6906.571,8.2748447
6908.1223,8.2708225
6909.6737,8.297637
6911.2253,8.3284736
6912.7771,8.3740573
6914.329,8.4444444
6915.8811,8.5456682
6917.4334,8.6676722
6918.9859,8.8191724
6920.5385,8.9813977
6922.0913,9.1362494
6923.6443,9.224736
6925.1975,9.2032851
6926.7508,9.0859729
6928.3043,8.9083288
6929.858,8.7199598
6931.4119,8.5456682
6932.9659,8.408916
6934.5201,8.3358472
6936.0745,8.2916038
6937.6291,8.2520533
6939.1838,8.2037873
6940.7387,8.1608849
6942.2938,8.1280377
6943.849,8.0918386
6945.4044,8.0938497
6946.96,8.1246858
6948.5158,8.1575329
6950.0718,8.1836767
6951.6279,8.1809955
6953.1842,8.1783142
6954.7407,8.1608849
6956.2973,8.1548517
6957.8541,8.159544
6959.4111,8.1870287
6960.9683,8.1957431
6962.5256,8.1622257
6964.0831,8.1421151
6965.6408,8.1742921
6967.1987,8.2453494
6968.7567,8.2808778
6970.3149,8.297637
6971.8733,8.3546174
6973.4319,8.3995304
6974.9906,8.4390819
6976.5495,8.4544997
6978.1086,8.5309201
6979.6679,8.6777275
6981.2273,8.8252056
6982.7869,8.9539135
6984.3467,9.0611694
6985.9067,9.2032851
6987.4668,9.3286405
6989.0271,9.3836099
6990.5876,9.389643
6992.1482,9.3521036
6993.709,9.312552
6995.27,9.2394842
6996.8312,9.2073072
6998.3926,9.1979216
6999.9541,9.224736
7001.5158,9.267639
7003.0777,9.3527733
7004.6397,9.4607008
7006.2019,9.5887381
7007.7643,9.7442604
7009.3269,9.9842464
7010.8896,10.288587
7012.4525,10.614379
7014.0156,10.895257
7015.5789,11.172114
7017.1423,11.434892
7018.7059,11.711748
7020.2697,12.01944
7021.8337,12.427685
7023.3978,13.040389
7024.9621,13.919223
7026.5266,15.081616
7028.0913,16.484666
7029.6561,17.945366
7031.2211,19.286743
7032.7863,20.270152
7034.3517,20.79638
7035.9172,20.754818
7037.4829,20.274174
7039.0488,19.496565
7040.6148,18.630468
7042.181,17.727501
7043.7474,16.92911
7045.314,16.278867
7046.8808,15.825038
7048.4477,15.471091
7050.0148,15.135915
7051.582,14.799397
7053.1495,14.516508
7054.7171,14.347579
7056.2849,14.21954
7057.8529,14.098207
7059.421,14.029831
7060.9893,14.091503
7062.5578,14.264454
7064.1265,14.326797
7065.6953,14.330149
7067.2643,14.169935
7068.8335,14.005028
7070.4029,13.697335
7071.9724,13.359477
7073.5421,12.93045
7075.112,12.509469
7076.6821,12.05698
7078.2523,11.724485
7079.8227,11.464387
7081.3933,11.306855
7082.964,11.183509
7084.535,11.03402
7086.1061,10.932127
7087.6774,10.859058
7089.2488,10.777275
7090.8204,10.651919
7092.3922,10.548685
7093.9642,10.476287
7095.5364,10.397855
7097.1087,10.212838
7098.6812,10.076755
7100.2538,9.9627954
7101.8267,9.8836933
7103.3997,9.7777778
7104.9729,9.6597959
7106.5463,9.5954419
7108.1198,9.5552207
7109.6935,9.5357798
7111.2674,9.5082956
7112.8415,9.5250548
7114.4157,9.5465058
7115.9901,9.5625943
7117.5647,9.5518683
7119.1395,9.5444947
7120.7144,9.541813
7122.2895,9.5230437
7123.8648,9.4982403
7125.4403,9.5082956
7127.0159,9.5424837
7128.5917,9.6148819
7130.1677,9.6973353
7131.7438,9.8240322
7133.3202,9.9299477
7134.8967,10.022457
7136.4733,10.055975
7138.0502,10.093514
7139.6272,10.074744
7141.2044,10.02782
7142.7818,9.9433554
7144.3593,9.8200101
7145.9371,9.6966647
7147.515,9.576001
7149.093,9.5183509
7150.6713,9.4895254
7152.2497,9.488185
7153.8283,9.4935475
7155.407,9.5149995
7156.986,9.5444947
7158.5651,9.6182333
7160.1444,9.7228085
7161.7239,9.8407913
7163.3035,9.927267
7164.8833,9.9782132
7166.4633,9.9943017
7168.0435,9.9782132
7169.6238,9.9493886
7171.2043,9.9239145
7172.785,9.9138592
7174.3658,9.9098371
7175.9469,9.9420141
7177.5281,9.9574329
7179.1095,9.9587733
7180.691,9.9339698
7182.2727,9.9011232
7183.8546,9.884364
7185.4367,9.8448135
7187.019,9.8347582
7188.6014,9.8112951
7190.184,9.8153173
7191.7668,9.8300654
7193.3497,9.9145299
7194.9328,10.032512
7196.5161,10.153175
7198.0996,10.225574
7199.6833,10.277192
7201.2671,10.346908
7202.8511,10.438746
7204.4352,10.481649
7206.0196,10.501089
7207.6041,10.487682
7209.1888,10.461538
7210.7736,10.409251
7212.3587,10.336853
7213.9439,10.277861
7215.5293,10.249706
7217.1148,10.221552
7218.7006,10.2182
7220.2865,10.240992
7221.8726,10.322105
7223.4588,10.415284
7225.0453,10.456176
7226.6319,10.469583
7228.2186,10.471594
7229.8056,10.478967
7231.3927,10.522541
7232.98,10.629127
7234.5675,10.776604
7236.1551,10.88185
7237.743,10.982403
7239.331,11.121166
7240.9191,11.312888
7242.5075,11.561589
7244.096,11.900118
7245.6847,12.285571
7247.2736,12.630133
7248.8626,12.809787
7250.4518,12.848668
7252.0412,12.71996
7253.6308,12.504776
7255.2205,12.276856
7256.8105,12.034188
7258.4005,11.723144
7259.9908,11.367187
7261.5813,11.040724
7263.1719,10.757164
7264.7626,10.499078
7266.3536,10.251717
7267.9447,10.080777
7269.5361,9.9339698
7271.1275,9.8314057
7272.7192,9.7241498
7274.311,9.6229261
7275.903,9.5029331
7277.4952,9.3789171
7279.0876,9.2435063
7280.6801,9.1147984
7282.2728,9.0403891
7283.8657,8.9860905
7285.4587,8.9639688
7287.0519,8.9317918
7288.6453,8.9163731
7290.2389,8.9029663
7291.8327,8.869449
7293.4266,8.8453162
7295.0207,8.8164907
7296.615,8.8097868
7298.2094,8.8339196
7299.804,8.8761518
7301.3988,8.9203952
7302.9938,8.9405058
7304.5889,8.9083288
7306.1842,8.9069884
7307.7797,8.8855374
7309.3754,8.8761518
7310.9712,8.8131393
7312.5672,8.8252056
7314.1634,8.8426345
7315.7598,8.8553715
7317.3563,8.826546
7318.953,8.8526898
7320.5499,8.8848668
7322.147,8.9002846
7323.7442,8.8855374
7325.3416,8.8962625
7326.9392,8.9083288
7328.5369,8.892911
7330.1349,8.8640855
7331.733,8.8292277
7333.3312,8.8500081
7334.9297,8.8473273
7336.5283,8.826546
7338.1271,8.7802916
7339.7261,8.7574993
7341.3252,8.7528074
7342.9246,8.7507964
7344.524,8.7414108
7346.1237,8.7434218
7347.7236,8.7300151
7349.3236,8.7226415
7350.9238,8.6877828
7352.5241,8.6482323
7354.1247,8.6308024
7355.7254,8.6462212
7357.3263,8.6931453
7358.9273,8.7373886
7360.5286,8.7856541
7362.13,8.8231946
7363.7316,8.8191724
7365.3333,8.8345902
7366.9353,8.8795043
7368.5374,8.9733534
7370.1397,9.1302162
7371.7421,9.3011564
7373.3448,9.5371212
7374.9476,9.7576672
7376.5505,10.000335
7378.1537,10.21954
7379.757,10.415284
7381.3605,10.525222
7382.9642,10.556729
7384.5681,10.472934
7386.1721,10.318082
7387.7763,10.115636
7389.3806,9.8930789
7390.9852,9.7288416
7392.5899,9.5987934
7394.1948,9.5029331
7395.7999,9.4097536
7397.4051,9.3675214
7399.0105,9.3648396
7400.6161,9.3487511
7402.2219,9.2991453
7403.8278,9.2656279
7405.434,9.2817164
7407.0402,9.2984746
7408.6467,9.310541
7410.2533,9.3112117
7411.8602,9.301827
7413.4671,9.2414952
7415.0743,9.1603821
7416.6816,9.0846325
7418.2891,9.0551363
7419.8968,9.0142453
7421.5047,8.980727
7423.1127,8.9565943
7424.7209,8.9438582
7426.3293,8.9063178
7427.9379,8.837272
7429.5466,8.8238643
7431.1555,8.8412941
7432.7646,8.87146
7434.3738,8.8748115
7435.9832,8.8674379
7437.5928,8.8547009
7439.2026,8.8399527
7440.8126,8.8077758
7442.4227,8.7715767
7444.033,8.7253223
7445.6434,8.7192891
7447.2541,8.7233112
7448.8649,8.7447632
7450.4759,8.7688959
7452.0871,8.8097868
7453.6984,8.8533605
7455.3099,8.8614047
7456.9216,8.8707893
7458.5335,8.8647562
7460.1455,8.8815153
7461.7577,8.8707893
7463.3701,8.8667672
7464.9827,8.8875485
7466.5954,8.9069884
7468.2083,8.9740241
7469.8214,9.0383781
7471.4346,9.1342383
7473.0481,9.2073072
7474.6617,9.2622755
7476.2755,9.2984746
7477.8894,9.3252891
7479.5035,9.3695324
7481.1178,9.4439417
7482.7323,9.4955586
7484.347,9.5076249
7485.9618,9.4834922
7487.5768,9.4593595
7489.192,9.5042735
7490.8073,9.5773424
7492.4228,9.642366
7494.0385,9.6946536
7495.6544,9.7449301
7497.2704,9.8407913
7498.8867,9.9145299
7500.503,9.9694992
7502.1196,9.9862574
7503.7364,9.9862574
7505.3533,9.9882685
7506.9704,9.9949723
7508.5876,9.9554218
7510.2051,9.9212338
7511.8227,9.8320764
7513.4405,9.8019105
7515.0584,9.8200101
7516.6765,9.9017929
7518.2949,9.9983238
7519.9133,10.041227
7521.532,10.072733
7523.1508,10.080777
7524.7698,10.125691
7526.389,10.193397
7528.0084,10.245684
7529.6279,10.287917
7531.2476,10.353612
7532.8675,10.494386
7534.4875,10.655271
7536.1077,10.844311
7537.7281,11.073572
7539.3487,11.305513
7540.9695,11.422155
7542.5904,11.416792
7544.2115,11.31825
7545.8327,11.148651
7547.4542,10.940171
7549.0758,10.690799
7550.6976,10.466901
7552.3196,10.247026
7553.9417,10.067371
7555.564,9.9333001
7557.1865,9.8133062
7558.8092,9.6986757
7560.432,9.5860563
7562.055,9.4834922
7563.6782,9.3943358
7565.3016,9.3071895
7566.9251,9.2542313
7568.5488,9.2307692
7570.1727,9.2160211
7571.7967,9.1959105
7573.421,9.1603821
7575.0454,9.1248537
7576.6699,9.0926767
7578.2947,9.1013907
7579.9196,9.1087652
7581.5447,9.0926767
7583.17,9.0591584
7584.7955,9.0537959
7586.4211,9.0739065
7588.0469,9.068544
7589.6729,9.068544
7591.299,9.0692137
7592.9253,9.0987099
7594.5518,9.1000503
7596.1785,9.0933464
7597.8053,9.0598291
7599.4323,9.0638512
7601.0595,9.08128
7602.6869,9.1315566
7604.3144,9.2019437
7605.9422,9.2850679
7607.57,9.3862916
7609.1981,9.4868446
7610.8263,9.5880674
7612.4548,9.6477295
7614.0833,9.6886204
7615.7121,9.719457
7617.341,9.7596782
7618.9701,9.8153173
7620.5994,9.8877154
7622.2289,10.012401
7623.8585,10.19876
7625.4883,10.460868
7627.1183,10.706217
7628.7484,10.867102
7630.3788,10.931456
7632.0093,10.932127
7633.6399,10.839618
7635.2708,10.666667
7636.9018,10.443439
7638.533,10.214178
7640.1644,10.001676
7641.7959,9.7831403
7643.4277,9.5887381
7645.0596,9.4365681
7646.6916,9.3353444
7648.3239,9.2709904
7649.9563,9.2368024
7651.5889,9.201274
7653.2216,9.1610528
7654.8546,9.0417295
7656.4877,8.9431875
7658.121,8.8815153
7659.7544,8.837272
7661.3881,8.7883358
7663.0219,8.693816
7664.6559,8.6281217
7666.29,8.5604153
7667.9244,8.5456682
7669.5589,8.5470085
7671.1936,8.5584042
7672.8284,8.5543821
7674.4634,8.55036
7676.0986,8.5336018
7677.734,8.5201941
7679.3696,8.518183
7681.0053,8.5242162
7682.6412,8.5208648
7684.2773,8.4833253
7685.9135,8.441093
7687.55,8.3928275
7689.1866,8.4015415
7690.8233,8.4571815
7692.4603,8.5282383
7694.0974,8.5436571
7695.7347,8.5403047
7697.3722,8.5617567
7699.0098,8.5818673
7700.6476,8.5939336
7702.2856,8.5932629
7703.9238,8.6388467
7705.5621,8.715267
7707.2006,8.7762695
7708.8393,8.8064354
7710.4782,8.8258753
7712.1172,8.8433052
7713.7564,8.9069884
7715.3958,8.9411765
7717.0354,8.9860905
7718.6751,9.0410588
7720.315,9.1040724
7721.9551,9.1711081
7723.5953,9.1657446
7725.2358,9.1892076
7726.8764,9.2073072
7728.5172,9.2743419
7730.1581,9.3453997
7731.7992,9.4439417
7733.4405,9.5538793
7735.082,9.6557737
7736.7237,9.8146476
7738.3655,9.9587733
7740.0075,10.125691
7741.6497,10.278532
7743.292,10.456846
7744.9345,10.666667
7746.5772,10.868443
7748.2201,11.119826
7749.8631,11.43221
7751.5063,11.840456
7753.1497,12.309033
7754.7933,12.842634
7756.437,13.435227
7758.081,14.041897
7759.725,14.560751
7761.3693,14.9395
7763.0137,15.135244
7764.6583,15.154014
7766.3031,14.932127
7767.9481,14.472934
7769.5932,13.842132
7771.2385,13.161722
7772.884,12.518854
7774.5297,11.959108
7776.1755,11.46908
7777.8215,11.091671
7779.4677,10.822859
7781.114,10.617731
7782.7606,10.474945
7784.4073,10.375063
7786.0541,10.334171
7787.7012,10.343557
7789.3484,10.339534
7790.9958,10.344226
7792.6434,10.340875
7794.2911,10.33216
7795.939,10.328808
7797.5871,10.326127
7799.2354,10.31272
7800.8838,10.319424
7802.5325,10.347579
7804.1813,10.416624
7805.8302,10.526563
7807.4794,10.627786
7809.1287,10.73035
7810.7782,10.871124
7812.4278,11.053461
7814.0777,11.239148
7815.7277,11.371209
7817.3779,11.487179
7819.0282,11.65879
7820.6787,11.879336
7822.3295,12.146807
7823.9803,12.465226
7825.6314,12.880845
7827.2826,13.446757
7828.934,13.992559
7830.5856,14.511412
7832.2374,14.940574
7833.8893,15.259527
7835.5414,15.437707
7837.1937,15.459025
7838.8461,15.379789
7840.4987,15.190749
7842.1515,14.93816
7843.8045,14.663047
7845.4576,14.381096
7847.111,14.119658
7848.7645,13.924183
7850.4181,13.791855
7852.072,13.69814
7853.726,13.719457
7855.3802,13.79467
7857.0345,13.922172
7858.6891,14.091503
7860.3438,14.284565
7861.9987,14.459125
7863.6537,14.667471
7865.309,14.884665
7866.9644,15.121971
7868.62,15.393464
7870.2757,15.681448
7871.9317,15.948919
7873.5878,16.238109
7875.2441,16.524484
7876.9005,16.775064
7878.5571,17.011564
7880.2139,17.229161
7881.8709,17.378783
7883.5281,17.506285
7885.1854,17.652287
7886.8429,17.800705
7888.5006,17.972045
7890.1584,18.22182
7891.8164,18.508195
7893.4746,18.823529
7895.133,19.219708
7896.7916,19.711613
7898.4503,20.243741
7900.1092,20.794772
7901.7682,21.398492
7903.4275,22.021116
7905.0869,22.658622
7906.7465,23.357666
7908.4063,24.152438
7910.0662,25.017194
7911.7263,25.942685
7913.3866,26.907994
7915.0471,27.908296
7916.7077,28.912216
7918.3685,29.889191
7920.0295,30.810658
7921.6906,31.679436
7923.352,32.472197
7925.0135,33.194971
7926.6752,33.846554
7928.337,34.478833
7929.999,35.146104
7931.6613,35.923179
7933.3236,36.878433
7934.9862,38.125291
7936.6489,39.652892
7938.3118,41.44153
7939.9749,43.472701
7941.6381,45.704979
7943.3016,48.066365
7944.9652,50.640523
7946.6289,53.492207
7948.2929,56.677728
7949.957,60.339064
7951.6213,64.630267
7953.2857,69.570238
7954.9504,74.913226
7956.6152,80.30488
7958.2802,85.351834
7959.9454,89.750024
7961.6107,93.168026
7963.2762,95.596578
7964.9419,97.222725
7966.6078,98.219001
7968.2738,98.652189
7969.94,98.623633
7971.6064,98.097937
7973.273,96.921467
7974.9397,94.717344
7976.6066,91.346005
7978.2737,86.707689
7979.9409,80.972552
7981.6084,74.423729
7983.276,67.648465
7984.9437,61.096429
7986.6117,55.175465
7988.2798,50.031977
7989.9481,45.741979
7991.6166,42.258822
7993.2852,39.428859
7994.9541,37.092407
7996.6231,35.150126
7998.2922,33.473302
7999.9616,31.997184
8001.6311,30.657014
8003.3008,29.42182
8004.9707,28.310909
8006.6407,27.341578
8008.3109,26.491704
8009.9813,25.776169
8011.6519,25.192156
8013.3226,24.717546
8014.9935,24.32177
8016.6646,24.005631
8018.3359,23.74379
8020.0073,23.529814
8021.6789,23.350025
8023.3507,23.210458
8025.0227,23.15093
8026.6948,23.166616
8028.3671,23.253896
8030.0396,23.456611
8031.7122,23.759879
8033.3851,24.084465
8035.0581,24.425942
8036.7312,24.777075
8038.4046,25.068276
8040.0781,25.29834
8041.7518,25.421015
8043.4257,25.364705
8045.0997,25.15636
8046.774,24.81086
8048.4484,24.304475
8050.1229,23.721668
8051.7977,23.113122
8053.4726,22.506587
8055.1477,21.930216
8056.823,21.426245
8058.4984,20.995878
8060.174,20.662845
8061.8498,20.405429
8063.5258,20.213978
8065.2019,20.068376
8066.8782,19.974259
8068.5547,19.915535
8070.2314,19.859628
8071.9082,19.815385
8073.5852,19.793263
8075.2624,19.747412
8076.9398,19.688688
8078.6173,19.625943
8080.295,19.548317
8081.9729,19.45983
8083.6509,19.388638
8085.3292,19.32187
8087.0076,19.262746
8088.6861,19.211262
8090.3649,19.170237
8092.0438,19.149321
8093.7229,19.155354
8095.4022,19.197587
8097.0816,19.262343
8098.7613,19.364907
8100.4411,19.477527
8102.121,19.63439
8103.8012,19.811765
8105.4815,20.020916
8107.162,20.25098
8108.8426,20.535747
8110.5235,20.858723
8112.2045,21.242433
8113.8857,21.683661
8115.5671,22.183207
8117.2486,22.746304
8118.9303,23.351633
8120.6122,23.954951
8122.2943,24.584816
8123.9765,25.196984
8125.6589,25.760081
8127.3415,26.238713
8129.0242,26.631273
8130.7072,26.833182
8132.3903,26.849673
8134.0736,26.648165
8135.757,26.182404
8137.4406,25.474913
8139.1245,24.617798
8140.8084,23.639215
8142.4926,22.630065
8144.1769,21.650678
8145.8614,20.745701
8147.5461,19.951332
8149.2309,19.271593
8150.9159,18.659428
8152.6011,18.162696
8154.2865,17.768928
8155.9721,17.43992
8157.6578,17.165209
8159.3437,16.955254
8161.0297,16.771442
8162.716,16.611362
8164.4024,16.463751
8166.089,16.336651
8167.7758,16.193866
8169.4627,16.040221
8171.1498,15.894218
8172.8371,15.738965
8174.5245,15.578884
8176.2122,15.425641
8177.9,15.269985
8179.588,15.119558
8181.2761,14.995274
8182.9645,14.877024
8184.653,14.778482
8186.3417,14.735043
8188.0305,14.689593
8189.7195,14.638109
8191.4087,14.598693
8193.0981,14.589442
8194.7877,14.579387
8196.4774,14.577777
8198.1673,14.583811
8199.8574,14.586627
8201.5476,14.558874
8203.238,14.523479
8204.9286,14.491302
8206.6194,14.455505
8208.3103,14.441428
8210.0015,14.429361
8211.6928,14.414881
8213.3842,14.400402
8215.0759,14.404425
8216.7677,14.392358
8218.4597,14.399196
8220.1518,14.408848
8221.8442,14.42011
8223.5367,14.434992
8225.2294,14.447461
8226.9222,14.470387
8228.6153,14.494922
8230.3085,14.518652
8232.0019,14.549623
8233.6954,14.589844
8235.3891,14.592257
8237.0831,14.611161
8238.7771,14.649371
8240.4714,14.673102
8242.1658,14.704474
8243.8604,14.7636
8245.5552,14.806234
8247.2501,14.835998
8248.9453,14.869784
8250.6406,14.914831
8252.336,14.963097
8254.0317,15.006133
8255.7275,15.071292
8257.4235,15.148517
8259.1197,15.223731
8260.816,15.290498
8262.5125,15.382604
8264.2092,15.46184
8265.9061,15.504475
8267.6031,15.555958
8269.3004,15.629161
8270.9978,15.690699
8272.6953,15.736148
8274.3931,15.812569
8276.091,15.870085
8277.7891,15.936049
8279.4873,16.021719
8281.1857,16.115837
8282.8844,16.19628
8284.5831,16.303268
8286.2821,16.408245
8287.9812,16.523681
8289.6805,16.64917
8291.38,16.8
8293.0797,16.955254
8294.7795,17.122575
8296.4795,17.286676
8298.1797,17.46003
8299.88,17.610457
8301.5806,17.770939
8303.2813,17.932227
8304.9821,18.126094
8306.6832,18.305078
8308.3844,18.508999
8310.0858,18.704474
8311.7874,18.862945
8313.4891,18.986023
8315.191,19.155757
8316.8931,19.338764
8318.5954,19.526595
8320.2978,19.762292
8322.0004,20.078834
8323.7032,20.429964
8325.4062,20.80523
8327.1093,21.263751
8328.8126,21.819607
8330.5161,22.416893
8332.2198,23.057618
8333.9236,23.778783
8335.6276,24.577577
8337.3318,25.419406
8339.0362,26.346505
8340.7407,27.370941
8342.4454,28.487079
8344.1503,29.641026
8345.8553,30.842835
8347.5606,32.039015
8349.266,33.196181
8350.9715,34.210961
8352.6773,35.019408
8354.3832,35.518551
8356.0893,35.625943
8357.7956,35.282452
8359.502,34.548819
8361.2087,33.420614
8362.9155,31.977878
8364.6224,30.365813
8366.3296,28.741679
8368.0369,27.158571
8369.7444,25.689291
8371.4521,24.413876
8373.1599,23.324686
8374.8679,22.396782
8376.5761,21.59638
8378.2845,20.928305
8379.993,20.352338
8381.7017,19.837507
8383.4106,19.354047
8385.1197,18.899145
8386.8289,18.47441
8388.5383,18.067773
8390.2479,17.694922
8391.9576,17.330116
8393.6676,16.949221
8395.3777,16.59648
8397.088,16.26546
8398.7984,15.928809
8400.509,15.58733
8402.2198,15.288084
8403.9308,15.002514
8405.642,14.749924
8407.3533,14.520262
8409.0648,14.333635
8410.7765,14.208547
8412.4883,14.09271
8414.2003,13.972046
8415.9125,13.877928
8417.6249,13.797084
8419.3374,13.705782
8421.0502,13.621318
8422.7631,13.540473
8424.4761,13.455605
8426.1894,13.363097
8427.9028,13.279839
8429.6164,13.190145
8431.3301,13.127803
8433.0441,13.066666
8434.7582,13.000704
8436.4725,12.958069
8438.1869,12.953243
8439.9016,12.937557
8441.6164,12.914228
8443.3314,12.92187
8445.0465,12.906184
8446.7618,12.85993
8448.4773,12.810458
8450.193,12.769432
8451.9089,12.713927
8453.6249,12.680543
8455.3411,12.664454
8457.0575,12.656813
8458.774,12.669281
8460.4908,12.670487
8462.2077,12.662042
8463.9247,12.664454
8465.642,12.662042
8467.3594,12.609351
8469.077,12.581599
8470.7948,12.577979
8472.5127,12.548617
8474.2308,12.510005
8475.9491,12.52368
8477.6676,12.546204
8479.3862,12.520865
8481.105,12.51644
8482.824,12.516843
8484.5432,12.507592
8486.2625,12.48909
8487.982,12.479437
8489.7017,12.464555
8491.4216,12.452086
8493.1416,12.432781
8494.8618,12.413876
8496.5822,12.392559
8498.3028,12.363599
8500.0235,12.33625
8501.7444,12.31091
8503.4655,12.275113
8505.1867,12.236903
8506.9082,12.186626
8508.6298,12.146003
8510.3515,12.102564
8512.0735,12.04907
8513.7956,11.975867
8515.5179,11.931624
8517.2404,11.89824
8518.963,11.855204
8520.6859,11.811765
8522.4089,11.787632
8524.132,11.759075
8525.8554,11.722071
8527.5789,11.676219
8529.3026,11.633987
8531.0264,11.611463
8532.7505,11.55998
8534.4747,11.505682
8536.1991,11.464655
8537.9236,11.444947
8539.6484,11.396682
8541.3733,11.374157
8543.0984,11.324686
8544.8236,11.273203
8546.5491,11.217697
8548.2747,11.19276
8550.0005,11.149321
8551.7264,11.125591
8553.4526,11.119155
8555.1789,11.089392
8556.9053,11.050377
8558.632,11.034691
8560.3588,11.017798
8562.0858,10.996078
8563.813,10.98723
8565.5403,10.977577
8567.2679,10.955857
8568.9956,10.926496
8570.7234,10.893112
8572.4515,10.866566
8574.1797,10.834389
8575.9081,10.81991
8577.6367,10.814278
8579.3654,10.810256
8581.0943,10.763198
8582.8234,10.723379
8584.5527,10.677526
8586.2821,10.635697
8588.0117,10.586627
8589.7415,10.578984
8591.4715,10.565711
8593.2016,10.538361
8594.9319,10.499346
8596.6624,10.450679
8598.3931,10.378682
8600.1239,10.325993
8601.8549,10.279336
8603.5861,10.2182
8605.3175,10.160684
8607.049,10.15465
8608.7807,10.14178
8610.5126,10.1273
8612.2446,10.123278
8613.9769,10.1092
8615.7093,10.07984
8617.4418,10.051282
8619.1746,10.031976
8620.9075,10.022323
8622.6406,10.01629
8624.3739,10.017898
8626.1073,10.010257
8627.841,9.995375
8629.5748,9.9825034
8631.3087,9.9845144
8633.0429,9.9768728
8634.7772,9.9768728
8636.5117,9.9511316
8638.2463,9.9117146
8639.9812,9.8823529
8641.7162,9.8638508
8643.4514,9.8405233
8645.1867,9.8417291
8646.9223,9.8674713
8648.658,9.891604
8650.3939,9.904072
8652.1299,9.9028662
8653.8662,9.9205631
8655.6026,9.923781
8657.3392,9.9205631
8659.0759,9.9044746
8660.8129,9.9169436
8662.55,9.9129215
8664.2872,9.909301
8666.0247,9.9088993
8667.7623,9.8940167
8669.5001,9.8525896
8671.2381,9.8123684
8672.9762,9.7548519
8674.7146,9.7009549
8676.4531,9.6860732
8678.1917,9.6788332
8679.9306,9.6518852
8681.6696,9.633384
8683.4088,9.6201108
8685.1482,9.5927602
8686.8877,9.5698343
8688.6274,9.5629969
8690.3673,9.5465058
8692.1074,9.5095025
8693.8476,9.4946208
8695.588,9.4793365
8697.3286,9.4733034
8699.0694,9.4845655
8700.8103,9.5054803
8702.5514,9.4942182
8704.2927,9.4829561
8706.0342,9.4716939
8707.7758,9.4688786
8709.5176,9.4632481
8711.2596,9.4604328
8713.0018,9.4451485
8714.7441,9.4001009
8716.4866,9.3647061
8718.2293,9.3405733
8719.9721,9.3216696
8721.7152,9.3148312
8723.4584,9.3377581
8725.2017,9.3397691
8726.9453,9.3365512
8728.689,9.3421818
8730.4329,9.342986
8732.177,9.3236806
8733.9212,9.2991453
8735.6656,9.2742083
8737.4102,9.2697836
8739.155,9.2681752
8740.8999,9.2561088
8742.6451,9.2581199
8744.3904,9.2794373
8746.1358,9.2697836
8747.8815,9.2456509
8749.6273,9.2685768
8751.3733,9.2734041
8753.1194,9.2392161
8754.8658,9.2162892
8756.6123,9.2199097
8758.359,9.203017
8760.1058,9.2412271
8761.8529,9.2983411
8763.6001,9.3478134
8765.3474,9.3988941
8767.095,9.4447459
8768.8427,9.4439417
8770.5906,9.4600302
8772.3387,9.473705
8774.087,9.4761187
8775.8354,9.486174
8777.584,9.5167425
8779.3328,9.5380589
8781.0817,9.5718453
8782.8308,9.6172955
8784.5801,9.6611362
8786.3296,9.6880843
8788.0793,9.717446
8789.8291,9.7476119
8791.5791,9.778582
8793.3292,9.8079437
8795.0796,9.8570134
8796.8301,9.9052788
8798.5808,9.9302158
8800.3317,9.9358474
8802.0827,9.9531427
8803.8339,9.9660133
8805.5853,9.9728507
8807.3369,9.9929613
8809.0886,10.019508
8810.8405,10.045651
8812.5926,10.073001
8814.3449,10.11644
8816.0973,10.16189
8817.8499,10.218603
8819.6027,10.296229
8821.3556,10.380693
8823.1088,10.445047
8824.8621,10.505379
8826.6155,10.572951
8828.3692,10.607542
8830.123,10.617999
8831.877,10.62725
8833.6312,10.636098
8835.3855,10.598291
8837.1401,10.564505
8838.8948,10.525088
8840.6496,10.482052
8842.4047,10.439819
8844.1599,10.419709
8845.9153,10.394369
8847.6709,10.371845
8849.4266,10.324384
8851.1825,10.29824
8852.9386,10.25078
8854.6949,10.215786
8856.4513,10.153444
8858.2079,10.081045
8859.9647,9.9909502
8861.7217,9.9253894
8863.4788,9.8139769
8865.2361,9.7114128
8866.9936,9.6237303
8868.7513,9.4708897
8870.5091,9.3333333
8872.2671,9.2126697
8874.0253,9.1129209
8875.7837,9.0023125
8877.5422,8.9584718
8879.3009,8.9033689
8881.0598,8.8619409
8882.8188,8.8221213
8884.578,8.8124686
8886.3374,8.7903469
8888.097,8.7565615
8889.8568,8.7420814
8891.6167,8.7276014
8893.3768,8.7123181
8895.1371,8.6990449
8896.8975,8.64917
8898.6581,8.5803924
8900.4189,8.5252895
8902.1799,8.509201
8903.941,8.4919057
8905.7024,8.5200605
8907.4638,8.5449975
8909.2255,8.5667166
8910.9873,8.5618902
8912.7494,8.5490196
8914.5116,8.5514333
8916.2739,8.5498238
8918.0364,8.5546502
8919.7992,8.5626944
8921.562,8.5747608
8923.3251,8.5791855
8925.0883,8.5876324
8926.8517,8.5860229
8928.6153,8.5860229
8930.3791,8.5904477
8932.143,8.5884366
8933.9071,8.5856213
8935.6714,8.5779787
8937.4358,8.5820008
8939.2005,8.5799897
8940.9653,8.5912519
8942.7302,8.5968825
8944.4954,8.6226246
8946.2607,8.6210152
8948.0262,8.6395173
8949.7919,8.6451479
8951.5577,8.6724985
8953.3238,8.6877828
8955.0899,8.7203624
8956.8563,8.7557563
8958.6229,8.7694321
8960.3896,8.7810958
8962.1565,8.8012064
8963.9235,8.8221213
8965.6908,8.8434387
8967.4582,8.9045748
8969.2258,8.9600802
8970.9935,9.011161
8972.7615,9.0441432
8974.5296,9.0706886
8976.2979,9.0747107
8978.0663,9.0948213
8979.835,9.1197583
8981.6038,9.1627958
8983.3727,9.1917548
8985.1419,9.2376066
8986.9112,9.2786321
8988.6807,9.2894926
8990.4504,9.2919053
8992.2203,9.3051785
8993.9903,9.321267
8995.7605,9.3377581
8997.5309,9.3795877
8999.3014,9.4169937
9001.0721,9.4604328
9002.843,9.5066872
9004.6141,9.5444947
9006.3853,9.5798896
9008.1568,9.640623
9009.9284,9.6764205
9011.7001,9.7106085
9013.4721,9.7520366
9015.2442,9.8171948
9017.0165,9.8642534
9018.7889,9.9294116
9020.5616,9.9796881
9022.3344,10.032378
9024.1074,10.062142
9025.8805,10.11805
9027.6539,10.199698
9029.4274,10.284565
9031.2011,10.378281
9032.9749,10.480442
9034.749,10.572549
9036.5232,10.631272
9038.2976,10.695224
9040.0721,10.745501
9041.8468,10.819507
9043.6217,10.898341
9045.3968,10.989643
9047.1721,11.107893
9048.9475,11.231775
9050.7231,11.324686
9052.4989,11.411563
9054.2748,11.512519
9056.0509,11.600201
9057.8272,11.696732
9059.6037,11.822624
9061.3804,11.937657
9063.1572,12.06194
9064.9342,12.205932
9066.7113,12.35274
9068.4887,12.483459
9070.2662,12.629462
9072.0439,12.782705
9073.8218,12.927903
9075.5998,13.060232
9077.378,13.198995
9079.1564,13.359075
9080.935,13.514329
9082.7137,13.665158
9084.4926,13.855405
9086.2717,14.070588
9088.0509,14.256813
9089.8304,14.448668
9091.61,14.66184
9093.3898,14.861337
9095.1697,15.045149
9096.9498,15.23459
9098.7302,15.418803
9100.5106,15.59819
9102.2913,15.780392
9104.0721,15.994771
9105.8531,16.232479
9107.6343,16.48346
9109.4156,16.732831
9111.1972,16.973756
9112.9788,17.202212
9114.7607,17.430669
9116.5428,17.671594
9118.325,17.918552
9120.1074,18.187229
9121.8899,18.442634
9123.6727,18.721771
9125.4556,18.968728
9127.2387,19.226144
9129.022,19.474711
9130.8054,19.733735
9132.589,19.984717
9134.3728,20.26908
9136.1568,20.536148
9137.9409,20.80523
9139.7252,21.089995
9141.5097,21.363902
9143.2943,21.628959
9145.0792,21.936249
9146.8642,22.268477
9148.6494,22.581397
9150.4347,22.914832
9152.2202,23.304576
9154.006,23.693916
9155.7918,24.108195
9157.5779,24.562694
9159.3641,25.033685
9161.1505,25.467269
9162.9371,25.855003
9164.7238,26.187229
9166.5108,26.4362
9168.2979,26.585018
9170.0851,26.657014
9171.8726,26.656209
9173.6602,26.583408
9175.448,26.481246
9177.2359,26.383912
9179.0241,26.260432
9180.8124,26.121669
9182.6009,25.954751
9184.3896,25.769734
9186.1784,25.557767
9187.9674,25.318853
9189.7566,25.040121
9191.546,24.768225
9193.3355,24.516037
9195.1252,24.229664
9196.9151,23.94369
9198.7051,23.697135
9200.4954,23.44535
9202.2858,23.125591
9204.0764,22.820713
9205.8671,22.518251
9207.658,22.169935
9209.4492,21.785419
9211.2404,21.387632
9213.0319,20.977376
9214.8235,20.542181
9216.6153,20.093715
9218.4073,19.608246
9220.1994,19.094217
9221.9918,18.558875
9223.7842,17.987331
9225.5769,17.373957
9227.3698,16.769431
9229.1628,16.239719
9230.956,15.737355
9232.7493,15.283258
9234.5429,14.851684
9236.3366,14.526697
9238.1305,14.226244
9239.9246,13.939065
9241.7188,13.694117
9243.5132,13.515536
9245.3078,13.335344
9247.1026,13.148316
9248.8975,12.957668
9250.6926,12.751333
9252.4879,12.58723
9254.2833,12.413474
9256.079,12.205932
9257.8748,12.043439
9259.6708,11.882956
9261.4669,11.651684
9263.2632,11.431674
9265.0597,11.304576
9266.8564,11.156159
9268.6533,11.042332
9270.4503,10.988436
9272.2475,10.896732
9274.0449,10.75998
9275.8424,10.634892
9277.6401,10.49452
9279.438,10.332831
9281.2361,10.257617
9283.0344,10.210156
9284.8328,10.160282
9286.6314,10.101156
9288.4301,10.080644
9290.2291,10.052891
9292.0282,10.004625
9293.8275,9.955958
9295.6269,9.9338363
9297.4266,9.9282047
9299.2264,9.9153341
9301.0264,9.9036704
9302.8265,9.9008551
9304.6269,9.8513828
9306.4274,9.8248364
9308.2281,9.7978884
9310.0289,9.7870289
9311.83,9.7512314
9313.6312,9.7548519
9315.4325,9.7186528
9317.2341,9.6639515
9319.0358,9.5847159
9320.8377,9.5243841
9322.6398,9.4588233
9324.4421,9.4029162
9326.2445,9.3156364
9328.0471,9.2464551
9329.8499,9.1897438
9331.6528,9.1322272
9333.4559,9.0554043
9335.2592,9.0003015
9337.0627,8.9492207
9338.8663,8.8941178
9340.6702,8.8567119
9342.4742,8.8386124
9344.2783,8.8156865
9346.0827,8.7754653
9347.8872,8.7412772
9349.6919,8.686576
9351.4967,8.6290594
9353.3018,8.5824034
9355.107,8.5462043
9356.9124,8.5096026
9358.7179,8.4794367
9360.5237,8.4400197
9362.3296,8.4014079
9364.1357,8.3672199
9365.9419,8.3221723
9367.7483,8.2895928
9369.555,8.2666669
9371.3617,8.245752
9373.1687,8.2184014
9374.9758,8.2196077
9376.7831,8.2188035
9378.5906,8.2336852
9380.3982,8.2650574
9382.2061,8.3068881
9384.0141,8.3394667
9385.8222,8.3660131
9387.6306,8.3877321
9389.4391,8.3905484
9391.2478,8.4098538
9393.0567,8.4339865
9394.8657,8.4693814
9396.6749,8.5140273
9398.4843,8.5687276
9400.2939,8.6145804
9402.1036,8.6439421
9403.9136,8.6914023
9405.7236,8.7235793
9407.5339,8.7633989
9409.3444,8.821317
9411.155,8.9254906
9412.9658,9.0429363
9414.7767,9.2170944
9416.5878,9.4153842
9418.3992,9.6361993
9420.2106,9.8666671
9422.0223,10.137355
9423.8341,10.398391
9425.6461,10.707692
9427.4583,11.070487
9429.2707,11.424434
9431.0832,11.771142
9432.8959,12.137959
9434.7088,12.451282
9436.5218,12.691805
9438.335,12.886074
9440.1484,12.997486
9441.962,12.968929
9443.7758,12.83459
9445.5897,12.608547
9447.4038,12.297234
9449.2181,11.925591
9451.0325,11.567622
9452.8471,11.218904
9454.6619,10.891503
9456.4769,10.611965
9458.292,10.384314
9460.1073,10.185219
9461.9228,10.022323
9463.7385,9.8562092
9465.5543,9.6977379
9467.3703,9.5501253
9469.1865,9.4173953
9471.0029,9.2882858
9472.8194,9.1825038
9474.6361,9.072298
9476.453,8.9516344
9478.2701,8.8076422
9480.0873,8.6423326
9481.9047,8.4959278
9483.7223,8.356762
9485.54,8.2184014
9487.358,8.0965309
9489.1761,8.0100553
9490.9943,7.9296129
9492.8128,7.86365
9494.6314,7.8173956
9496.4502,7.7735544
9498.2692,7.7156362
9500.0883,7.6569128
9501.9077,7.611061
9503.7272,7.5728509
9505.5468,7.5398692
9507.3667,7.5286075
9509.1867,7.5125191
9511.0069,7.5084969
9512.8273,7.5137254
9514.6478,7.530216
9516.4685,7.5434892
9518.2894,7.5712419
9520.1105,7.5937657
9521.9317,7.6223227
9523.7531,7.6730013
9525.5747,7.73454
9527.3965,7.802916
9529.2184,7.8733032
9531.0405,7.9167423
9532.8628,7.9525388
9534.6852,7.9754652
9536.5079,7.9935647
9538.3307,8.0128706
9540.1537,8.032177
9541.9768,8.0309701
9543.8001,8.0277527
9545.6236,7.9955758
9547.4473,7.9489193
9549.2712,7.8877827
9551.0952,7.8270488
9552.9194,7.7622927
9554.7438,7.6939166
9556.5683,7.6078431
9558.393,7.541076
9560.2179,7.4811463
9562.043,7.438914
9563.8682,7.4111613
9565.6937,7.3978886
9567.5193,7.3842133
9569.345,7.3657116
9571.171,7.3431873
9572.9971,7.304173
9574.8234,7.2599296
9576.6498,7.2124684
9578.4765,7.1646055
9580.3033,7.103469
9582.1303,7.0326797
9583.9574,6.970739
9585.7848,6.9108093
9587.6123,6.8532932
9589.44,6.7973856
9591.2678,6.7519354
9593.0958,6.6976368
9594.924,6.6473603
9596.7524,6.6027148
9598.581,6.5665157
9600.4097,6.538763
9602.2386,6.5110108
9604.0677,6.4687785
9605.8969,6.4289594
9607.7264,6.3947713
9609.556,6.3678228
9611.3857,6.3364506
9613.2157,6.3227753
9615.0458,6.2986425
9616.8761,6.2648566
9618.7066,6.2431371
9620.5372,6.2202112
9622.368,6.1944695
9624.199,6.1667167
9626.0302,6.147813
9627.8615,6.1132228
9629.693,6.0770237
9631.5247,6.045651
9633.3566,6.0267472
9635.1886,6.0094519
9637.0208,5.9989945
9638.8532,6.0086477
9640.6858,5.9941681
9642.5185,5.9796881
9644.3514,5.9394669
9646.1845,5.9225742
9648.0178,5.9084967
9649.8512,5.9012567
9651.6848,5.8956261
9653.5186,5.8956261
9655.3525,5.8694823
9657.1867,5.8533939
9659.021,5.8296632
9660.8554,5.8103569
9662.6901,5.8031173
9664.5249,5.8075416
9666.3599,5.8067369
9668.1951,5.8123679
9670.0304,5.8031173
9671.866,5.8027147
9673.7017,5.787431
9675.5375,5.7628961
9677.3736,5.7608851
9679.2098,5.7709404
9681.0462,5.7701356
9682.8827,5.7729514
9684.7195,5.7830067
9686.5564,5.7902463
9688.3935,5.7978884
9690.2307,5.7982905
9692.0682,5.7986926
9693.9058,5.7918552
9695.7436,5.7862241
9697.5815,5.7725488
9699.4197,5.7637004
9701.258,5.7624935
9703.0965,5.7544493
9704.9351,5.7439919
9706.774,5.7283055
9708.613,5.723077
9710.4521,5.7134238
9712.2915,5.717446
9714.131,5.7110107
9715.9707,5.7142281
9717.8106,5.7049775
9719.6506,5.6921064
9721.4909,5.6768226
9723.3313,5.6627452
9725.1718,5.6478631
9727.0126,5.6325793
9728.8535,5.617295
9730.6946,5.6180997
9732.5359,5.618904
9734.3773,5.6092508
9736.2189,5.6064355
9738.0607,5.6072397
9739.9027,5.5971844
9741.7448,5.5963802
9743.5872,5.5887381
9745.4296,5.5899449
9747.2723,5.5847159
9749.1151,5.5694317
9750.9582,5.5416794
9752.8013,5.5360484
9754.6447,5.5259931
9756.4882,5.5179488
9758.3319,5.5175467
9760.1758,5.5103067
9762.0199,5.5099046
9763.8641,5.5086977
9765.7085,5.5010556
9767.5531,5.4889892
9769.3978,5.4998493
9771.2428,5.489794
9773.0879,5.4765208
9774.9331,5.4708897
9776.7786,5.4672702
9778.6242,5.4531928
9780.47,5.4463549
9782.316,5.4371043
9784.1621,5.4302664
9786.0085,5.4266464
9787.855,5.42182
9789.7016,5.4141779
9791.5485,5.4049273
9793.3955,5.3960783
9795.2427,5.3767724
9797.09,5.3622924
9798.9376,5.3598792
9800.7853,5.3610861
9802.6332,5.3586729
9804.4813,5.3586729
9806.3295,5.3663145
9808.1779,5.3582703
9810.0265,5.3586729
9811.8752,5.3614882
9813.7242,5.3610861
9815.5733,5.3462039
9817.4226,5.3534439
9819.272,5.3550529
9821.1217,5.3478129
9822.9715,5.3478129
9824.8214,5.3578682
9826.6716,5.3389644
9828.5219,5.3297133
9830.3724,5.3309202
9832.2231,5.3216691
9834.0739,5.3148317
9835.925,5.3168427
9837.7762,5.3096027
9839.6275,5.3047764
9841.4791,5.3144296
9843.3308,5.2991453
9845.1827,5.3047764
9847.0348,5.3051785
9848.887,5.2979385
9850.7394,5.2806436
9852.592,5.2826547
9854.4448,5.2717947
9856.2977,5.2673704
9858.1508,5.2661641
9860.0041,5.2701862
9861.8576,5.2697836
9863.7112,5.2673704
9865.565,5.2637504
9867.419,5.251282
9869.2732,5.2480646
9871.1275,5.2484667
9872.982,5.2476619
9874.8367,5.226345
9876.6916,5.2255403
9878.5466,5.2158876
9880.4018,5.2086476
9882.2572,5.2006033
9884.1127,5.1961791
9885.9685,5.1877327
9887.8244,5.1756664
9889.6804,5.1652085
9891.5367,5.1555558
9893.3931,5.1523379
9895.2497,5.1575668
9897.1065,5.1615889
9898.9634,5.1503268
9900.8205,5.1378583
9902.6778,5.1366515
9904.5353,5.1269983
9906.393,5.131423
9908.2508,5.1282051
9910.1088,5.131423
9911.9669,5.1274009
9913.8253,5.1141277
9915.6838,5.0968324
9917.5425,5.099246
9919.4013,5.1028656
9921.2604,5.1149319
9923.1196,5.1201609
9924.979,5.1185519
9926.8385,5.1177477
9928.6983,5.1093014
9930.5582,5.0875818
9932.4182,5.0743086
9934.2785,5.0706886
9936.1389,5.0638512
9937.9995,5.0570138
9939.8603,5.0646554
9941.7213,5.0767218
9943.5824,5.0751133
9945.4437,5.0783307
9947.3052,5.0678733
9949.1668,5.0570138
9951.0286,5.0429363
9952.8906,5.0489695
9954.7528,5.032881
9956.6152,5.0252389
9958.4777,5.0244342
9960.3404,5.0373053
9962.2032,5.0175968
9964.0663,5.0151836
9965.9295,5.0155857
9967.7929,5.0155857
9969.6565,4.9910509
9971.5202,4.9910509
9973.3841,4.9922572
9975.2482,4.9890398
9977.1125,4.9846156
9978.9769,4.995073
9980.8415,4.9910509
9982.7063,4.9870288
9984.5713,4.9926598
9986.4364,4.9910509
9988.3017,4.9834087
9990.1672,4.9773756
9992.0328,4.966516
9993.8987,4.9661134
9995.7647,4.9588739
9997.6308,4.9512318
9999.4972,4.9496228
10001.364,4.9528407
10003.23,4.9472097
10005.097,4.9447965
10006.964,4.9419807
10008.832,4.9335343
10010.699,4.9347412
10012.567,4.9351433
10014.434,4.9279033
10016.302,4.9327301
10018.17,4.932328
10020.039,4.9283059
10021.907,4.9186527
10023.776,4.9166416
10025.644,4.9102063
10027.513,4.9154348
10029.383,4.9126195
10031.252,4.9114127
10033.121,4.9194569
10034.991,4.9094016
10036.861,4.8989442
10038.731,4.8973352
10040.601,4.89452
10042.471,4.8812468
10044.342,4.8904978
10046.213,4.8828557
10048.084,4.8780294
10049.955,4.8719962
10051.826,4.8695825
10053.697,4.8647562
10055.569,4.8772246
10057.441,4.8719962
10059.312,4.8667672
10061.185,4.8675714
10063.057,4.858723
10064.929,4.8494719
10066.802,4.853494
10068.675,4.8498745
10070.548,4.8442434
10072.421,4.8498745
10074.294,4.8547009
10076.168,4.851483
10078.041,4.8631472
10079.915,4.8563098
10081.789,4.8482656
10083.663,4.8406234
10085.538,4.8341881
10087.412,4.8241328
10089.287,4.8386124
10091.162,4.8325792
10093.037,4.8357971
10094.912,4.8442434
10096.788,4.8547009
10098.663,4.8462545
10100.539,4.8490698
10102.415,4.8434387
10104.291,4.8329813
10106.167,4.8261439
10108.044,4.8269481
10109.92,4.8257418
10111.797,4.8277528
10113.674,4.8309702
10115.551,4.8309702
10117.429,4.8237307
10119.306,4.8253392
10121.184,4.819306
10123.062,4.8068375
10124.94,4.7975869
10126.818,4.795978
10128.696,4.7971843
10130.575,4.7991954
10132.453,4.7991954
10134.332,4.7899448
10136.211,4.797989
10138.091,4.7903469
10139.97,4.7827048
10141.85,4.7839116
10143.729,4.7891401
10145.609,4.7794874
10147.489,4.7718452
10149.37,4.7694321
10151.25,4.7790848
10153.131,4.7847158
10155.012,4.7746605
10156.893,4.7690295
10158.774,4.7706384
10160.655,4.7553546
10162.537,4.7537457
10164.418,4.7629963
10166.3,4.7662142
10168.182,4.758572
10170.064,4.7605831
10171.947,4.7452993
10173.829,4.7312219
10175.712,4.729613
10177.595,4.731624
10179.478,4.7255908
10181.361,4.731624
10183.245,4.7271998
10185.128,4.7195577
10187.012,4.7167419
10188.896,4.7183508
10190.78,4.7139266
10192.664,4.7171445
10194.549,4.7199598
10196.434,4.7187529
10198.318,4.7151334
10200.203,4.7111113
10202.089,4.7119155
10203.974,4.7131224
10205.859,4.7187529
10207.745,4.7143287
10209.631,4.7054802
10211.517,4.7042734
10213.403,4.6978381
10215.29,4.6805428
10217.176,4.6785317
10219.063,4.6889896
10220.95,4.6897939
10222.837,4.6877828
10224.724,4.7002513
10226.612,4.6990449
10228.499,4.6986423
10230.387,4.688587
10232.275,4.6934139
10234.163,4.6861739
10236.051,4.6813475
10237.94,4.666868
10239.828,4.6712922
10241.717,4.6656611
10243.606,4.6640522
10245.495,4.6801407
10247.385,4.6946202
10249.274,4.6946202
10251.164,4.6994471
10253.054,4.7042734
10254.944,4.688587
10256.834,4.6821517
10258.725,4.6809454
10260.615,4.6757164
10262.506,4.6672701
10264.397,4.6644543
10266.288,4.6592258
10268.179,4.6560079
10270.071,4.6604322
10271.962,4.6636501
10273.854,4.6716943
10275.746,4.6773254
10277.638,4.6773254
10279.53,4.6724985
10281.423,4.6680743
10283.315,4.658019
10285.208,4.659628
10287.101,4.661639
10288.994,4.665259
10290.888,4.6560079
10292.781,4.659628
10294.675,4.6568127
10296.569,4.6539969
10298.463,4.6527905
10300.357,4.6708901
10302.252,4.6797386
10304.146,4.6720964
10306.041,4.6821517
10307.936,4.6889896
10309.831,4.6833586
10311.726,4.6926092
10313.622,4.7066866
10315.517,4.7095024
10317.413,4.7086976
10319.309,4.7163398
10321.205,4.7066866
10323.101,4.7119155
10324.998,4.7086976
10326.895,4.7091002
10328.791,4.7191556
10330.688,4.7231777
10332.586,4.7356462
10334.483,4.7481146
10336.38,4.7642031
10338.278,4.7730516
10340.176,4.7750626
10342.074,4.7686274
10343.972,4.7810958
10345.871,4.7762695
10347.769,4.7750626
10349.668,4.8020112
10351.567,4.8088486
10353.466,4.797989
10355.365,4.8060333
10357.265,4.8104575
10359.164,4.7935648
10361.064,4.7774763
10362.964,4.785118
10364.864,4.7794874
10366.765,4.767421
10368.665,4.756561
10370.566,4.7738563
10372.467,4.763801
10374.368,4.7666163
10376.269,4.7722474
10378.17,4.7823027
10380.072,4.7774763
10381.974,4.7699491
10383.875,4.7682252
10385.777,4.7639159
10387.68,4.7558716
10389.582,4.754435
10391.485,4.7573083
10393.387,4.7550095
10395.29,4.7627665
10397.193,4.7719601
10399.097,4.7762695
10401,4.7871865
10402.904,4.7900597
10404.808,4.7903469
10406.712,4.7975295
10408.616,4.800115
10410.52,4.7906341
10412.425,4.7909214
10414.329,4.7863248
10416.234,4.7894852
10418.139,4.7926452
10420.044,4.7909214
10421.95,4.7949435
10423.855,4.811032
10425.761,4.8167779
10427.667,4.8228111
10429.573,4.8230983
10431.479,4.8314298
10433.386,4.8417728
10435.292,4.852977
10437.199,4.852977
10439.106,4.8549881
10441.013,4.8702149
10442.92,4.879983
10444.828,4.881994
10446.735,4.8900383
10448.643,4.8963587
10450.551,4.9170437
10452.459,4.9397399
10454.368,4.9426131
10456.276,4.9630109
10458.185,4.9796739
10460.094,4.9900164
10462.003,5.0095525
10463.912,5.0230555
10465.821,5.0382818
10467.731,5.0647129
10469.641,5.0865473
10471.551,5.1124039
10473.461,5.1339511
10475.371,5.1557855
10477.281,5.1730229
10479.192,5.1934207
10481.103,5.2164046
10483.014,5.2370896
10484.925,5.2603607
10486.836,5.2908138
10488.747,5.3123611
10490.659,5.336781
10492.571,5.363212
10494.483,5.3899303
10496.395,5.4226817
10498.307,5.4525604
10500.22,5.486174
10502.133,5.5292679
10504.045,5.5832793
10505.958,5.6404512
10507.872,5.6958987
10509.785,5.7596782
10511.699,5.8360985
10513.612,5.9168282
10515.526,5.9955468
10517.44,6.0745531
10519.355,6.1636142
10521.269,6.2564103
10523.184,6.3319689
10525.098,6.3871292
10527.013,6.4342453
10528.929,6.4713065
10530.844,6.4779142
10532.759,6.4655606
10534.675,6.4348202
10536.591,6.4078143
10538.507,6.3698913
10540.423,6.3222008
10542.339,6.2610068
10544.256,6.2107303
10546.172,6.1463764
10548.089,6.0708182
10550.006,5.9797455
10551.924,5.8852257
10553.841,5.7863965
10555.759,5.6950371
10557.676,5.6051138
10559.594,5.5249586
10561.512,5.4588808
10563.431,5.3939524
10565.349,5.3465491
10567.268,5.3002947
10569.186,5.2597858
10571.105,5.2178412
10573.024,5.1773323
10574.944,5.1419953
10576.863,5.1147022
10578.783,5.0799397
10580.703,5.0581052
10582.623,5.033398
10584.543,5.0141491
10586.463,4.9908785
10588.384,4.9655964
10590.304,4.946348
10592.225,4.9319828
10594.146,4.9170437
10596.068,4.9018169
10597.989,4.885154
10599.911,4.8750987
10601.832,4.8673417
10603.754,4.8575736
10605.676,4.8515404
10607.599,4.837463
10609.521,4.8299937
10611.444,4.8233856
10613.366,4.8245349
10615.289,4.8251094
10617.213,4.8182145
10619.136,4.8233856
10621.059,4.8219494
10622.983,4.8182145
10624.907,4.8190762
10626.831,4.811032
10628.755,4.8061482
10630.679,4.8038499
10632.604,4.7914963
10634.529,4.7909214
10636.454,4.7860376
10638.379,4.7883358
10640.304,4.7909214
10642.229,4.7877614
10644.155,4.7912086
10646.081,4.7949435
10648.006,4.7978167
10649.933,4.8055737
10651.859,4.7978167
10653.785,4.7955184
10655.712,4.7955184
10657.639,4.7969545
10659.566,4.7946563
10661.493,4.7834521
10663.42,4.7805788
10665.348,4.7848882
10667.275,4.7779933
10669.203,4.7719601
10671.131,4.7644903
10673.059,4.7538606
10674.988,4.7521368
10676.916,4.7420814
10678.845,4.735761
10680.774,4.7213964
10682.703,4.7165121
10684.632,4.7053079
10686.562,4.7004236
10688.491,4.7055951
10690.421,4.7055951
10692.351,4.7004236
10694.281,4.7084679
10696.211,4.7021475
10698.142,4.7004236
10700.072,4.6975509
10702.003,4.680313
10703.934,4.6739926
10705.865,4.6647995
10707.797,4.6564675
10709.728,4.6495726
10711.66,4.6421029
10713.592,4.6317603
10715.524,4.6326225
10717.456,4.6277382
10719.388,4.6234289
10721.321,4.6168212
10723.253,4.6199812
10725.186,4.6240033
10727.119,4.6211306
10729.053,4.6191195
10730.986,4.6136608
10732.92,4.6110753
10734.853,4.610788
10736.787,4.6127991
10738.721,4.6027438
10740.656,4.608202
10742.59,4.6076276
10744.525,4.6038927
10746.46,4.6033183
10748.395,4.5995834
10750.33,4.5924013
10752.265,4.6015944
10754.201,4.6007327
10756.136,4.5978595
10758.072,4.6044676
10760.008,4.6047549
10761.944,4.6136608
10763.881,4.6119369
10765.817,4.6056165
10767.754,4.5998706
10769.691,4.5987217
10771.628,4.5987217
10773.565,4.6036055
10775.503,4.60102
10777.44,4.6041799
10779.378,4.6148102
10781.316,4.6263016
10783.254,4.6349208
10785.192,4.6372191
10787.131,4.6375063
10789.069,4.6435395
10791.008,4.6512965
10792.947,4.6452633
10794.886,4.6418156
10796.826,4.6498599
10798.765,4.6541692
10800.705,4.6547442
10802.645,4.6544564
10804.585,4.6515837
10806.525,4.650722
10808.465,4.6426778
10810.406,4.6283127
10812.347,4.6208433
10814.288,4.6185451
10816.229,4.60102
10818.17,4.5915391
10820.111,4.582346
10822.053,4.5857932
10823.995,4.5791855
10825.937,4.574014
10827.879,4.5651081
10829.821,4.568843
10831.764,4.5662575
10833.706,4.5645336
10835.649,4.5562022
10837.592,4.5564894
10839.535,4.5518923
10841.479,4.5435609
10843.422,4.5378149
10845.366,4.5349422
10847.31,4.5306328
10849.254,4.5271852
10851.198,4.5165554
10853.142,4.5096601
10855.087,4.5171299
10857.032,4.5131077
10858.977,4.5113839
10860.922,4.5148316
10862.867,4.5113839
10864.812,4.5136822
10866.758,4.515406
10868.704,4.5021908
10870.65,4.5105222
10872.596,4.5067873
10874.542,4.5010414
10876.489,4.502478
10878.435,4.510235
10880.382,4.5139699
10882.329,4.5182792
10884.276,4.513395
10886.224,4.5197154
10888.171,4.517992
10890.119,4.5225886
10892.067,4.5113839
10894.015,4.5030524
10895.963,4.5004669
10897.911,4.4973065
10899.86,4.494721
10901.809,4.4935716
10903.758,4.4817929
10905.707,4.4843784
10907.656,4.4892622
10909.605,4.4932844
10911.555,4.4904116
10913.505,4.483804
10915.455,4.4898372
10917.405,4.5039146
10919.355,4.5065001
10921.306,4.5039146
10923.256,4.5004669
10925.207,4.5082239
10927.158,4.5108095
10929.109,4.5093728
10931.061,4.4981686
10933.012,4.4918482
10934.964,4.4938593
10936.916,4.4924227
10938.868,4.4852401
10940.82,4.4878261
10942.773,4.4855273
10944.725,4.4826546
10946.678,4.4792069
10948.631,4.4783453
10950.584,4.483229
10952.537,4.4792069
10954.491,4.4766214
10956.444,4.4728865
10958.398,4.4748976
10960.352,4.4846657
10962.306,4.4829418
10964.26,4.483229
10966.215,4.488975
10968.17,4.4878261
10970.124,4.4875384
10972.079,4.483804
10974.035,4.4840912
10975.99,4.4777708
10977.946,4.4691516
10979.901,4.4654167
10981.857,4.4639806
10983.813,4.4668533
10985.769,4.4700138
10987.726,4.4588091
10989.682,4.4628312
10991.639,4.4611074
10993.596,4.4619695
10995.553,4.4565108
10997.511,4.4487538
10999.468,4.4544997
11001.426,4.4642678
11003.383,4.4579474
11005.341,4.46829
11007.3,4.4700138
11009.258,4.4728865
11011.216,4.4820802
11013.175,4.4757597
11015.134,4.4748976
11017.093,4.4872512
11019.052,4.4774831
11021.011,4.4671406
11022.971,4.4743231
11024.931,4.4748976
11026.891,4.4823674
11028.851,4.4792069
11030.811,4.4789197
11032.771,4.4852401
11034.732,4.4955826
11036.693,4.4958704
11038.654,4.4935716
11040.615,4.4869639
11042.576,4.4912733
11044.537,4.4849529
11046.499,4.4861023
11048.461,4.4846657
11050.423,4.4852401
11052.385,4.4809308
11054.347,4.4806435
11056.31,4.4766214
11058.273,4.4797819
11060.235,4.478058
11062.198,4.4786325
11064.162,4.4803563
11066.125,4.4898372
11068.089,4.4909861
11070.052,4.4869639
11072.016,4.4829418
11073.98,4.4803563
11075.945,4.483229
11077.909,4.4803563
11079.874,4.4766214
11081.838,4.4771959
11083.803,4.4748976
11085.768,4.4763342
11087.734,4.4757597
11089.699,4.4694388
11091.665,4.4599585
11093.631,4.4536381
11095.597,4.4444444
11097.563,4.4467427
11099.529,4.4424334
11101.496,4.4415717
11103.462,4.4447317
11105.429,4.44387
11107.396,4.4458811
11109.363,4.4501904
11111.331,4.4522015
11113.298,4.4596713
11115.266,4.4634057
11117.234,4.4657044
11119.202,4.4611074
11121.17,4.4570853
11123.139,4.4576602
11125.107,4.4613946
11127.076,4.4559364
11129.045,4.4461683
11131.014,4.4384113
11132.983,4.4487538
11134.953,4.449041
11136.923,4.4499032
11138.892,4.4453061
11140.862,4.4409968
11142.833,4.4493282
11144.803,4.4579474
11146.773,4.4533504
11148.744,4.4501904
11150.715,4.4444444
11152.686,4.4487538
11154.657,4.4530631
11156.629,4.4556491
11158.6,4.4467427
11160.572,4.449616
11162.544,4.4504776
11164.516,4.4605329
11166.488,4.4590963
11168.461,4.4519142
11170.433,4.4487538
11172.406,4.4553614
11174.379,4.4536381
11176.352,4.4634057
11178.325,4.462544
11180.299,4.4553614
11182.272,4.4590963
11184.246,4.4562236
11186.22,4.4493282
11188.194,4.4499032
11190.169,4.4421462
11192.143,4.4398479
11194.118,4.4424334
11196.093,4.4430078
11198.068,4.4542125
11200.043,4.4611074
11202.019,4.4648423
11203.994,4.4714499
11205.97,4.4717376
11207.946,4.4725993
11209.922,4.4794942
11211.898,4.4714499
11213.875,4.4694388
11215.851,4.4631184
11217.828,4.4613946
11219.805,4.4622568
11221.782,4.4659917
11223.759,4.4645551
11225.737,4.4731737
11227.715,4.4757597
11229.692,4.4763342
11231.67,4.4783453
11233.649,4.4803563
11235.627,4.4777708
11237.605,4.4794942
11239.584,4.4651295
11241.563,4.4639806
11243.542,4.4731737
11245.521,4.4757597
11247.501,4.4628312
11249.48,4.456798
11251.46,4.4458811
11253.44,4.4507649
11255.42,4.4453061
11257.4,4.4401351
11259.381,4.4243338
11261.361,4.4318036
11263.342,4.4398479
11265.323,4.4473172
11267.304,4.4427206
11269.286,4.436113
11271.267,4.4312287
11273.249,4.4384113
11275.231,4.4461683
11277.213,4.4329525
11279.195,4.4332398
11281.177,4.4326653
11283.16,4.4332398
11285.142,4.4306542
11287.125,4.4251955
11289.108,4.417439
11291.092,4.4263449
11293.075,4.4177262
11295.059,4.41945
11297.042,4.4237594
11299.026,4.4200245
11301.01,4.4326653
11302.995,4.4300798
11304.979,4.4249083
11306.964,4.4280687
11308.949,4.4260577
11310.934,4.4269193
11312.919,4.4289304
11314.904,4.4162896
11316.89,4.4208862
11318.875,4.416864
11320.861,4.4142785
11322.847,4.4157151
11324.833,4.4154279
11326.82,4.4217483
11328.806,4.4263449
11330.793,4.4180134
11332.78,4.4315164
11334.767,4.4300798
11336.754,4.4323781
11338.742,4.4289304
11340.729,4.4277815
11342.717,4.4200245
11344.705,4.4289304
11346.693,4.4243338
11348.681,4.4343891
11350.67,4.4398479
11352.658,4.4435828
11354.647,4.4320909
11356.636,4.4384113
11358.625,4.4329525
11360.615,4.4355385
11362.604,4.4286432
11364.594,4.4185879
11366.584,4.4220356
11368.574,4.4332398
11370.564,4.4352508
11372.554,4.4358258
11374.545,4.4315164
11376.535,4.4315164
11378.526,4.4430078
11380.517,4.4392729
11382.509,4.4444444
11384.5,4.44387
11386.492,4.454787
11388.483,4.4576602
11390.475,4.4639806
11392.468,4.4628312
11394.46,4.4651295
11396.452,4.4662789
11398.445,4.4723121
11400.438,4.4654167
11402.431,4.4717376
11404.424,4.4654167
11406.417,4.4611074
11408.411,4.4642678
11410.404,4.4608202
11412.398,4.4573725
11414.392,4.4579474
11416.387,4.4593835
11418.381,4.4596713
11420.375,4.4628312
11422.37,4.4562236
11424.365,4.4513393
11426.36,4.4553614
11428.355,4.4536381
11430.351,4.4522015
11432.346,4.4636934
11434.342,4.4631184
11436.338,4.4714499
11438.334,4.4746104
11440.331,4.4771959
11442.327,4.4803563
11444.324,4.4751848
11446.321,4.4743231
11448.318,4.4714499
11450.315,4.4688644
11452.312,4.4697266
11454.31,4.4688644
11456.307,4.4691516
11458.305,4.4725993
11460.303,4.470301
11462.301,4.4723121
11464.3,4.4731737
11466.298,4.4680027
11468.297,4.4711627
11470.296,4.4714499
11472.295,4.4748976
11474.294,4.4800691
11476.294,4.4774831
11478.293,4.4774831
11480.293,4.4886878
11482.293,4.4872512
11484.293,4.4852401
11486.293,4.4806435
11488.294,4.4728865
11490.295,4.4846657
11492.295,4.4769086
11494.296,4.4751848
11496.298,4.4691516
11498.299,4.4728865
11500.3,4.478058
11502.302,4.4757597
11504.304,4.4634057
11506.306,4.4823674
11508.308,4.4861023
11510.311,4.4852401
11512.313,4.4884006
11514.316,4.4809308
11516.319,4.4872512
11518.322,4.4944337
11520.325,4.483804
11522.329,4.4783453
11524.332,4.4829418
11526.336,4.4806435
11528.34,4.4861023
11530.344,4.4835163
11532.349,4.4846657
11534.353,4.4898372
11536.358,4.4849529
11538.363,4.4875384
11540.368,4.4932844
11542.373,4.4987431
11544.378,4.5021908
11546.384,4.502478
11548.389,4.5010414
11550.395,4.5105222
11552.401,4.513395
11554.407,4.5093728
11556.414,4.4990303
11558.42,4.5027652
11560.427,4.5099478
11562.434,4.5110967
11564.441,4.5194281
11566.448,4.5168426
11568.456,4.5243124
11570.464,4.5490196
11572.471,4.5562022
11574.479,4.5544783
11576.487,4.5599366
11578.496,4.5636715
11580.504,4.5731523
11582.513,4.574589
11584.522,4.5639587
11586.531,4.5676936
11588.54,4.5711413
11590.549,4.5694174
11592.559,4.5708541
11594.569,4.5717157
11596.578,4.5705668
11598.588,4.5676936
11600.599,4.5628098
11602.609,4.5590749
11604.62,4.5633843
11606.63,4.563097
11608.641,4.5619476
11610.652,4.5639587
11612.664,4.5639587
11614.675,4.5613732
11616.687,4.5536162
11618.699,4.5458592
11620.711,4.5392515
11622.723,4.5323567
11624.735,4.5202903
11626.748,4.5151188
11628.76,4.5136822
11630.773,4.5148316
11632.786,4.5151188
11634.799,4.5105222
11636.813,4.5042018
11638.826,4.5197154
11640.84,4.5217264
11642.854,4.5093728
11644.868,4.5162682
11646.882,4.5128205
11648.897,4.5059257
11650.911,4.5047763
11652.926,4.4875384
11654.941,4.4835163
11656.956,4.4892622
11658.971,4.4797819
11660.987,4.4823674
11663.002,4.4878261
11665.018,4.4924227
11667.034,4.4952954
11669.05,4.4938593
11671.067,4.4904116
11673.083,4.4906988
11675.1,4.4906988
11677.117,4.4892622
11679.134,4.4835163
11681.151,4.4806435
11683.168,4.4826546
11685.186,4.4884006
11687.203,4.4884006
11689.221,4.4840912
11691.239,4.4774831
11693.258,4.4797819
11695.276,4.4881133
11697.295,4.4855273
11699.313,4.4820802
11701.332,4.4872512
11703.352,4.4875384
11705.371,4.4955826
11707.39,4.4906988
11709.41,4.4855273
11711.43,4.4852401
11713.45,4.4878261
11715.47,4.4820802
11717.49,4.4817929
11719.511,4.4766214
11721.531,4.4869639
11723.552,4.4863895
11725.573,4.4835163
11727.595,4.483229
11729.616,4.4823674
11731.637,4.4849529
11733.659,4.4789197
11735.681,4.4786325
11737.703,4.4809308
11739.725,4.478058
11741.748,4.4691516
11743.77,4.4786325
11745.793,4.476047
11747.816,4.4757597
11749.839,4.4771959
11751.863,4.4677155
11753.886,4.4777708
11755.91,4.4846657
11757.934,4.4763342
11759.958,4.4708755
11761.982,4.4800691
11764.006,4.4723121
11766.031,4.4786325
11768.055,4.470301
11770.08,4.4582346
11772.105,4.4616823
11774.13,4.4634057
11776.156,4.4596713
11778.181,4.4636934
11780.207,4.4651295
11782.233,4.4657044
11784.259,4.4751848
11786.285,4.4766214
11788.312,4.478058
11790.338,4.4794942
11792.365,4.4757597
11794.392,4.4769086
11796.419,4.4763342
11798.446,4.483804
11800.474,4.4751848
11802.502,4.4815052
11804.529,4.4774831
11806.557,4.4783453
11808.586,4.4720248
11810.614,4.4817929
11812.642,4.4728865
11814.671,4.4789197
11816.7,4.478058
11818.729,4.4915605
11820.758,4.4981686
11822.788,4.4996048
11824.817,4.4909861
11826.847,4.4981686
11828.877,4.5010414
11830.907,4.5007541
11832.937,4.4970193
11834.968,4.4932844
11836.998,4.496732
11839.029,4.5039146
11841.06,4.5036269
11843.091,4.4996048
11845.123,4.5036269
11847.154,4.4921355
11849.186,4.4932844
11851.218,4.4950082
11853.25,4.4863895
11855.282,4.483229
11857.314,4.4901244
11859.347,4.4884006
11861.379,4.4978814
11863.412,4.4978814
11865.445,4.4958704
11867.478,4.5087984
11869.512,4.5162682
11871.545,4.5177043
11873.579,4.5185665
11875.613,4.5257486
11877.647,4.5312073
11879.681,4.5349422
11881.716,4.5332183
11883.75,4.5251741
11885.785,4.5277596
11887.82,4.5277596
11889.855,4.5286218
11891.891,4.5274724
11893.926,4.534655
11895.962,4.5369532
11897.998,4.5386771
11900.034,4.5383899
11902.07,4.534655
11904.106,4.5358039
11906.143,4.5300584
11908.18,4.5228758
11910.216,4.5145443
11912.253,4.5243124
11914.291,4.5188537
11916.328,4.5309201
11918.366,4.5303456
11920.403,4.536666
11922.441,4.5432736
11924.479,4.5530417
11926.518,4.5625226
11928.556,4.5668319
11930.595,4.5648209
11932.634,4.5625226
11934.673,4.5697047
11936.712,4.5737268
11938.751,4.581771
11940.791,4.5717157
11942.83,4.57976
11944.87,4.5806221
11946.91,4.5863681
11948.95,4.5834949
11950.991,4.5915391
11953.031,4.587517
11955.072,4.5964234
11957.113,4.5964234
11959.154,4.5981467
11961.195,4.5978595
11963.236,4.603031
11965.278,4.5981467
11967.32,4.6013072
11969.362,4.608202
11971.404,4.6156718
11973.446,4.6159591
11975.489,4.6286004
11977.531,4.6377935
11979.574,4.6426778
11981.617,4.648711
11983.66,4.6553186
11985.704,4.6619262
11987.747,4.6846224
11989.791,4.6918049
11991.835,4.6955398
11993.879,4.7078934
11995.923,4.7185232
11997.967,4.720247
12000.012,4.7254185
12002.056,4.7323134
12004.101,4.7440925
12006.146,4.7501257
12008.192,4.7621921
12010.237,4.7800044
12012.283,4.781441
12014.328,4.7860376
12016.374,4.7771312
12018.42,4.7647776
12020.467,4.7604682
12022.513,4.7504129
12024.56,4.7308768
12026.607,4.725993
12028.654,4.7193853
12030.701,4.7165121
12032.748,4.7130649
12034.796,4.7136394
12036.843,4.7038713
12038.891,4.6943904
12040.939,4.6926666
12042.987,4.6800258
12045.036,4.6797386
12047.084,4.6768658
12049.133,4.6676722
12051.182,4.6633629
12053.231,4.6581913
12055.28,4.6469871
12057.33,4.6455505
12059.379,4.6260144
12061.429,4.6153846
12063.479,4.5981467
12065.529,4.5834949
12067.579,4.5832076
12069.63,4.5803349
12071.681,4.5607987
12073.731,4.5547656
12075.782,4.5472958
12077.834,4.5467213
12079.885,4.5429864
12081.936,4.5312073
12083.988,4.523163
12086.04,4.5260363
12088.092,4.5225886
12090.144,4.5151188
12092.197,4.5168426
12094.249,4.5096601
12096.302,4.5090856
12098.355,4.5062129
12100.408,4.5030524
12102.461,4.4964448
12104.515,4.4970193
12106.568,4.4881133
12108.622,4.4987431
12110.676,4.4932844
12112.73,4.4898372
12114.784,4.4852401
12116.839,4.4915605
12118.893,4.4935716
12120.948,4.4952954
12123.003,4.4906988
12125.058,4.4895495
12127.114,4.4797819
12129.169,4.4835163
12131.225,4.4809308
12133.281,4.4774831
12135.337,4.4708755
12137.393,4.4599585
12139.45,4.4622568
12141.506,4.473461
12143.563,4.4691516
12145.62,4.4631184
12147.677,4.4628312
12149.734,4.4631184
12151.792,4.4659917
12153.849,4.4680027
12155.907,4.4636934
12157.965,4.4651295
12160.023,4.4585219
12162.081,4.4556491
12164.14,4.4645551
12166.199,4.4602457
12168.257,4.4550742
12170.316,4.4487538
12172.376,4.4415717
12174.435,4.4504776
12176.494,4.4418589
12178.554,4.4295053
12180.614,4.4234722
12182.674,4.4200245
12184.734,4.4237594
12186.795,4.4205989
12188.855,4.417439
12190.916,4.4257704
12192.977,4.4277815
12195.038,4.4326653
12197.099,4.4318036
12199.161,4.4240466
12201.222,4.4277815
12203.284,4.4237594
12205.346,4.4197373
12207.408,4.4165768
12209.471,4.4154279
12211.533,4.4119802
12213.596,4.4125547
12215.659,4.416864
12217.722,4.4234722
12219.785,4.4228972
12221.848,4.4220356
12223.912,4.4099692
12225.975,4.4073837
12228.039,4.4142785
12230.103,4.407096
12232.168,4.3999139
12234.232,4.3924441
12236.297,4.3927313
12238.361,4.4042232
12240.426,4.4059471
12242.491,4.3944551
12244.557,4.3941679
12246.622,4.3970407
12248.688,4.403936
12250.753,4.4065215
12252.819,4.4036488
12254.886,4.3976156
12256.952,4.4019249
12259.018,4.4053726
12261.085,4.4045105
12263.152,4.4002011
12265.219,4.3996267
12267.286,4.4016377
12269.353,4.409107
12271.421,4.4079581
12273.489,4.4042232
12275.557,4.4045105
12277.625,4.3944551
12279.693,4.3910075
12281.761,4.3846871
12283.83,4.3809522
12285.899,4.3798033
12287.968,4.3806649
12290.037,4.3691735
12292.106,4.3763556
12294.175,4.3752067
12296.245,4.3680241
12298.315,4.3671625
12300.385,4.3671625
12302.455,4.3585433
12304.525,4.3611293
12306.596,4.3571072
12308.667,4.3568194
12310.737,4.3617037
12312.808,4.364002
12314.88,4.3651514
12316.951,4.3683114
12319.023,4.3663003
12321.094,4.3631403
12323.166,4.356245
12325.238,4.3622782
12327.31,4.3591182
12329.383,4.3591182
12331.455,4.3614165
12333.528,4.3680241
12335.601,4.374919
12337.674,4.3829632
12339.748,4.3829632
12341.821,4.3846871
12343.895,4.3849743
12345.968,4.3866981
12348.042,4.3872731
12350.117,4.3895714
12352.191,4.3798033
12354.265,4.379516
12356.34,4.37693
12358.415,4.3815271
12360.49,4.3806649
12362.565,4.3726207
12364.641,4.3754939
12366.716,4.3861237
12368.792,4.3815271
12370.868,4.3815271
12372.944,4.3812399
12375.02,4.3772178
12377.097,4.3789411
12379.173,4.3671625
12381.25,4.3596927
12383.327,4.3591182
12385.404,4.3591182
12387.481,4.3568194
12389.559,4.3539467
12391.636,4.3599799
12393.714,4.3648637
12395.792,4.371759
12397.87,4.3740573
12399.949,4.3729079
12402.027,4.369748
12404.106,4.3734829
12406.185,4.3711846
12408.264,4.3772178
12410.343,4.3729079
12412.422,4.3691735
12414.502,4.3685986
12416.582,4.374919
12418.662,4.3829632
12420.742,4.3815271
12422.822,4.3757812
12424.902,4.3752067
12426.983,4.3910075
12429.064,4.3958918
12431.145,4.3910075
12433.226,4.3800905
12435.307,4.3792288
12437.389,4.3912952
12439.47,4.3950296
12441.552,4.3843998
12443.634,4.3858365
12445.716,4.3829632
12447.799,4.385262
12449.881,4.3918696
12451.964,4.3772178
12454.047,4.3746318
12456.13,4.3763556
12458.213,4.3780794
12460.296,4.3760684
12462.38,4.3815271
12464.464,4.3777922
12466.548,4.3846871
12468.632,4.3861237
12470.716,4.3835382
12472.8,4.3841126
12474.885,4.3898586
12476.97,4.3915824
12479.055,4.3984773
12481.14,4.3976156
12483.225,4.4024994
12485.311,4.4036488
12487.396,4.4056598
12489.482,4.4004883
12491.568,4.3990517
12493.654,4.3970407
12495.741,4.4002011
12497.827,4.3930185
12499.914,4.4010628
12502.001,4.3979028
12504.088,4.4082453
12506.175,4.4177262
12508.262,4.4240466
12510.35,4.4309415
12512.438,4.44703
12514.526,4.4487538
12516.614,4.4608202
12518.702,4.4668533
12520.79,4.4748976
12522.879,4.4823674
12524.968,4.4918482
12527.057,4.4958704
12529.146,4.5139699
12531.235,4.5116711
12533.325,4.5202903
12535.414,4.5214392
12537.504,4.5251741
12539.594,4.5260363
12541.684,4.5300584
12543.775,4.5220141
12545.865,4.5320694
12547.956,4.5260363
12550.047,4.5254613
12552.138,4.5277596
12554.229,4.5251741
12556.321,4.515981
12558.412,4.5174171
12560.504,4.5059257
12562.596,4.5021908
12564.688,4.5001797
12566.78,4.4846657
12568.873,4.4720248
12570.965,4.4720248
12573.058,4.4616823
12575.151,4.4556491
12577.244,4.4513393
12579.338,4.4447317
12581.431,4.4421462
12583.525,4.4407095
12585.619,4.4315164
12587.713,4.4297926
12589.807,4.4320909
12591.901,4.4237594
12593.996,4.4205989
12596.09,4.4251955
12598.185,4.4237594
12600.28,4.42261
12602.376,4.4177262
12604.471,4.414853
12606.567,4.4203117
12608.662,4.4171513
12610.758,4.4183007
12612.854,4.4191623
12614.951,4.4197373
12617.047,4.4160024
12619.144,4.416864
12621.241,4.4191623
12623.338,4.4197373
12625.435,4.4180134
12627.532,4.4151402
12629.63,4.4189708
12631.727,4.4256747
12633.825,4.4296968
12635.923,4.4276858
12638.021,4.425004
12640.12,4.4256747
12642.218,4.422993
12644.317,4.4247806
12646.416,4.4200883
12648.515,4.4169598
12650.614,4.4124909
12652.714,4.4145019
12654.813,4.4214292
12656.913,4.4232164
12659.013,4.4178539
12661.113,4.4174071
12663.213,4.4169598
12665.314,4.425004
12667.414,4.4267917
12669.515,4.4272385
12671.616,4.4317079
12673.717,4.4263449
12675.819,4.4225462
12677.92,4.4292495
12680.022,4.4281326
12682.124,4.4379645
12684.226,4.43573
12686.328,4.4343891
12688.43,4.4397521
12690.533,4.4393048
12692.636,4.4410925
12694.738,4.4471257
12696.842,4.4464555
12698.945,4.4455619
12701.048,4.4366236
12703.152,4.4395287
12705.256,4.444221
12707.36,4.4366236
12709.464,4.4321547
12711.568,4.4332717
12713.672,4.4299202
12715.777,4.4294734
12717.882,4.4323781
12719.987,4.4359534
12722.092,4.4343891
12724.197,4.4364002
12726.303,4.4397521
12728.409,4.4410925
12730.514,4.4437743
12732.62,4.4419866
12734.727,4.4415398
12736.833,4.4366236
12738.94,4.4408691
12741.046,4.4366236
12743.153,4.4321547
12745.26,4.4393048
12747.368,4.4379645
12749.475,4.4352827
12751.583,4.4401989
12753.69,4.4410925
12755.798,4.4482432
12757.906,4.4451146
12760.015,4.44869
12762.123,4.4469023
12764.232,4.4388581
12766.341,4.4415398
12768.45,4.44221
12770.559,4.4413159
12772.668,4.4464555
12774.778,4.444221
12776.887,4.4428802
12778.997,4.4417632
12781.107,4.4399755
12783.218,4.4417632
12785.328,4.4399755
12787.439,4.4377411
12789.549,4.4446678
12791.66,4.4366236
12793.771,4.4384113
12795.883,4.4397521
12797.994,4.4424334
12800.106,4.4419866
12802.217,4.4437743
12804.329,4.4446678
12806.441,4.443327
12808.554,4.4310372
12810.666,4.4319313
12812.779,4.4317079
12814.892,4.4299202
12817.005,4.4261215
12819.118,4.4265683
12821.231,4.4290261
12823.345,4.4294734
12825.458,4.4308138
12827.572,4.433719
12829.686,4.4361768
12831.801,4.4346125
12833.915,4.4343891
12836.03,4.4355066
12838.144,4.4370704
12840.259,4.4326015
12842.374,4.428356
12844.49,4.4258981
12846.605,4.425004
12848.721,4.4263449
12850.836,4.4241104
12852.952,4.4191942
12855.069,4.4191942
12857.185,4.4145019
12859.301,4.4102564
12861.418,4.41115
12863.535,4.4162896
12865.652,4.4183007
12867.769,4.4122675
12869.886,4.4133849
12872.004,4.4171832
12874.122,4.4216526
12876.24,4.4252274
12878.358,4.4299202
12880.476,4.4272385
12882.594,4.4241104
12884.713,4.4279092
12886.832,4.4281326
12888.951,4.4272385
12891.07,4.4359534
12893.189,4.43573
12895.308,4.4341657
12897.428,4.4334956
12899.548,4.4395287
12901.668,4.4384113
12903.788,4.4317079
12905.908,4.433719
12908.029,4.4366236
12910.149,4.4281326
12912.27,4.425004
12914.391,4.4279092
12916.512,4.4227696
12918.634,4.4245572
12920.755,4.4247806
12922.877,4.4243338
12924.999,4.423887
12927.121,4.4265683
12929.243,4.4279092
12931.366,4.4265683
12933.488,4.4292495
12935.611,4.4296968
12937.734,4.4276858
12939.857,4.4334956
12941.98,4.4361768
12944.104,4.4384113
12946.227,4.4377411
12948.351,4.436847
12950.475,4.4381879
12952.599,4.4319313
12954.724,4.4323781
12956.848,4.4241104
12958.973,4.4189708
12961.098,4.4187474
12963.223,4.4178539
12965.348,4.4122675
12967.473,4.4122675
12969.599,4.4091389
12971.724,4.415396
12973.85,4.4169598
12975.976,4.4145019
12978.103,4.4138317
12980.229,4.4113739
12982.356,4.4102564
12984.482,4.4122675
12986.609,4.4089155
12988.737,4.4084687
12990.864,4.4033296
12992.991,4.3972965
12995.119,4.3957322
12997.247,4.3888049
12999.375,4.390816
13001.503,4.3854535
13003.631,4.3821016
13005.76,4.3760684
13007.888,4.3756216
13010.017,4.3722697
13012.146,4.3718229
13014.275,4.3800905
13016.405,4.3899224
13018.534,4.3870173
13020.664,4.3892522
13022.794,4.3899224
13024.924,4.3959556
13027.054,4.3917101
13029.185,4.3941679
13031.315,4.3993075
13033.446,4.3972965
13035.577,4.3894756
13037.708,4.3867939
13039.839,4.383219
13041.971,4.382325
13044.103,4.377856
13046.234,4.3821016
13048.366,4.3805373
13050.499,4.3753982
13052.631,4.3747275
13054.763,4.3785262
13056.896,4.3796437
13059.029,4.3836658
13061.162,4.3856769
13063.295,4.3829951
13065.429,4.3774092
13067.562,4.3765152
13069.696,4.3794203
13071.83,4.3771859
13073.964,4.3736105
13076.098,4.3749509
13078.233,4.3749509
13080.367,4.3698118
13082.502,4.3722697
13084.637,4.3711527
13086.772,4.3722697
13088.907,4.376962
13091.043,4.3834424
13093.178,4.3805373
13095.314,4.3805373
13097.45,4.3762918
13099.586,4.375845
13101.723,4.377856
13103.859,4.3834424
13105.996,4.3883581
13108.133,4.378973
13110.27,4.3749509
13112.407,4.3800905
13114.544,4.375845
13116.682,4.3736105
13118.82,4.3715995
13120.958,4.3655663
13123.096,4.3613208
13125.234,4.3588624
13127.372,4.3631084
13129.511,4.3664599
13131.65,4.3604267
13133.789,4.3680241
13135.928,4.3684709
13138.067,4.3695884
13140.207,4.3756216
13142.346,4.381208
13144.486,4.3785262
13146.626,4.3771859
13148.766,4.3718229
13150.907,4.3807607
13153.047,4.3738339
13155.188,4.3785262
13157.329,4.377856
13159.47,4.3765152
13161.611,4.376962
13163.753,4.3774092
13165.894,4.381208
13168.036,4.3800905
13170.178,4.3756216
13172.32,4.3794203
13174.462,4.3794203
13176.605,4.382325
13178.747,4.383219
13180.89,4.3796437
13183.033,4.3780794
13185.176,4.3762918
13187.319,4.3762918
13189.463,4.375845
13191.607,4.3700352
13193.75,4.3702586
13195.894,4.3749509
13198.039,4.3711527
13200.183,4.3682475
13202.327,4.3751748
13204.472,4.3727164
13206.617,4.3753982
13208.762,4.3736105
13210.907,4.3776326
13213.053,4.3751748
13215.198,4.3684709
13217.344,4.3745041
13219.49,4.376962
13221.636,4.3720463
13223.782,4.3660131
13225.929,4.3637786
13228.075,4.3644488
13230.222,4.3622143
13232.369,4.3595331
13234.516,4.355511
13236.664,4.3519356
13238.811,4.3528292
13240.959,4.3479135
13243.107,4.3510421
13245.255,4.3543935
13247.403,4.3581922
13249.551,4.3602033
13251.7,4.361991
13253.848,4.3628845
13255.997,4.3624377
13258.146,4.3624377
13260.296,4.361991
13262.445,4.3644488
13264.595,4.3604267
13266.744,4.3505948
13268.894,4.3459025
13271.044,4.3479135
13273.195,4.3465727
13275.345,4.3396459
13277.496,4.3391991
13279.647,4.3434446
13281.798,4.3443382
13283.949,4.3459025
13286.1,4.3452323
13288.252,4.3494778
13290.403,4.3461259
13292.555,4.3479135
13294.707,4.3526058
13296.859,4.3505948
13299.012,4.3452323
13301.164,4.3429978
13303.317,4.3441148
13305.47,4.3427739
13307.623,4.3380816
13309.776,4.3385284
13311.93,4.3409868
13314.083,4.3452323
13316.237,4.3378582
13318.391,4.3369646
13320.545,4.3365173
13322.699,4.3320484
13324.854,4.3340595
13327.008,4.3340595
13329.163,4.3336127
13331.318,4.335177
13333.473,4.3329425
13335.629,4.3412102
13337.784,4.3378582
13339.94,4.3394225
13342.096,4.3396459
13344.252,4.3483603
13346.408,4.3514889
13348.564,4.3519356
13350.721,4.3514889
13352.878,4.3461259
13355.034,4.3429978
13357.192,4.3479135
13359.349,4.3421037
13361.506,4.3418803
13363.664,4.3349536
13365.822,4.3342829
13367.979,4.3324952
13370.138,4.3271327
13372.296,4.3302608
13374.454,4.3309315
13376.613,4.3269093
13378.772,4.331825
13380.931,4.3358472
13383.09,4.3327186
13385.249,4.335177
13387.409,4.3347297
13389.569,4.3345063
13391.728,4.3304842
13393.888,4.3295906
13396.049,4.3331659
13398.209,4.3309315
13400.37,4.3237808
13402.53,4.3293672
13404.691,4.3246744
13406.852,4.3217697
13409.014,4.3199821
13411.175,4.3280263
13413.337,4.3358472
13415.498,4.3356238
13417.66,4.3324952
13419.822,4.3360706
13421.985,4.3338361
13424.147,4.3345063
13426.31,4.3378582
13428.473,4.3414335
13430.636,4.3380816
13432.799,4.3275795
13434.962,4.3271327
13437.126,4.3333893
13439.289,4.3347297
13441.453,4.3342829
13443.617,4.3380816
13445.781,4.3403161
13447.946,4.3412102
13450.11,4.3403161
13452.275,4.3427739
13454.44,4.3416569
13456.605,4.3378582
13458.77,4.3329425
13460.936,4.3295906
13463.101,4.3266854
13465.267,4.3213229
13467.433,4.3208761
13469.599,4.3219931
13471.766,4.3219931
13473.932,4.3251217
13476.099,4.3291438
13478.266,4.3356238
13480.433,4.3387518
13482.6,4.3454557
13484.767,4.350148
13486.935,4.3474667
13489.102,4.3481369
13491.27,4.3510421
13493.438,4.3461259
13495.607,4.3416569
13497.775,4.3380816
13499.943,4.3403161
13502.112,4.329814
13504.281,4.3304842
13506.45,4.3342829
13508.62,4.3286965
13510.789,4.3284731
13512.959,4.3333893
13515.128,4.3367407
13517.298,4.3367407
13519.468,4.3360706
13521.639,4.3378582
13523.809,4.3367407
13525.98,4.3342829
13528.151,4.3398693
13530.322,4.3354004
13532.493,4.3255685
13534.664,4.3219931
13536.836,4.3217697
13539.008,4.3231106
13541.179,4.3235574
13543.351,4.3197587
13545.524,4.3175242
13547.696,4.316854
13549.869,4.3170774
13552.041,4.3251217
13554.214,4.3246744
13556.387,4.323334
13558.561,4.3246744
13560.734,4.3260153
13562.908,4.3333893
13565.082,4.3356238
13567.256,4.336294
13569.43,4.3376348
13571.604,4.3398693
13573.779,4.3396459
13575.953,4.3400927
13578.128,4.3398693
13580.303,4.337188
13582.478,4.3307076
13584.654,4.3349536
13586.829,4.336294
13589.005,4.3400927
13591.181,4.3409868
13593.357,4.3416569
13595.533,4.3452323
13597.709,4.344785
13599.886,4.3503714
13602.063,4.352159
13604.24,4.3505948
13606.417,4.3532765
13608.594,4.3459025
13610.772,4.3456791
13612.949,4.3505948
13615.127,4.3497012
13617.305,4.3505948
13619.483,4.3474667
13621.661,4.3532765
13623.84,4.3579688
13626.019,4.3559578
13628.197,4.3633318
13630.376,4.3624377
13632.556,4.3613208
13634.735,4.3624377
13636.915,4.3615442
13639.094,4.3669067
13641.274,4.3660131
13643.454,4.3633318
13645.634,4.3657897
13647.815,4.3664599
13649.995,4.3678007
13652.176,4.3715995
13654.357,4.370482
13656.538,4.372493
13658.72,4.3787496
13660.901,4.3774092
13663.083,4.3805373
13665.264,4.3809841
13667.446,4.3814314
13669.629,4.383219
13671.811,4.3807607
13673.993,4.3760684
13676.176,4.3816548
13678.359,4.3727164
13680.542,4.3736105
13682.725,4.3733871
13684.909,4.3700352
13687.092,4.372493
13689.276,4.3722697
13691.46,4.375845
13693.644,4.3838892
13695.828,4.3753982
13698.012,4.3742807
13700.197,4.3727164
13702.382,4.3718229
13704.567,4.3747275
13706.752,4.3751748
13708.937,4.3783028
13711.123,4.3787496
13713.308,4.3798671
13715.494,4.3821016
13717.68,4.3883581
13719.866,4.3930504
13722.053,4.3901458
13724.239,4.3850062
13726.426,4.389699
13728.613,4.3881347
13730.8,4.3847828
13732.987,4.3856769
13735.174,4.3910394
13737.362,4.3865705
13739.55,4.3879113
13741.737,4.3914867
13743.926,4.3934977
13746.114,4.3928271
13748.302,4.3928271
13750.491,4.396179
13752.68,4.3957322
13754.869,4.3923803
13757.058,4.39819
13759.247,4.3923803
13761.436,4.3917101
13763.626,4.3966258
13765.816,4.3892522
13768.006,4.3870173
13770.196,4.3845594
13772.386,4.3829951
13774.577,4.3796437
13776.768,4.3796437
13778.959,4.383219
13781.15,4.3850062
13783.341,4.3825484
13785.532,4.3854535
13787.724,4.3836658
13789.915,4.3814314
13792.107,4.3825484
13794.299,4.381208
13796.492,4.3809841
13798.684,4.3816548
13800.877,4.3684709
13803.07,4.3722697
13805.263,4.3684709
13807.456,4.3736105
13809.649,4.3720463
13811.842,4.3686943
13814.036,4.3711527
13816.23,4.3657897
13818.424,4.3631084
13820.618,4.3756216
13822.812,4.3738339
13825.007,4.3765152
13827.202,4.3727164
13829.397,4.3760684
13831.592,4.3780794
13833.787,4.3807607
13835.982,4.383219
13838.178,4.3816548
13840.373,4.3809841
13842.569,4.381208
13844.766,4.3796437
13846.962,4.3865705
13849.158,4.3847828
13851.355,4.3829951
13853.552,4.3872412
13855.749,4.3948381
13857.946,4.3957322
13860.143,4.3948381
13862.341,4.3932743
13864.538,4.3988602
13866.736,4.3939445
13868.934,4.3995309
13871.132,4.3995309
13873.331,4.3955088
13875.529,4.3883581
13877.728,4.3943913
13879.927,4.3968492
13882.126,4.3950615
13884.325,4.3879113
13886.524,4.3901458
13888.724,4.3892522
13890.924,4.3970726
13893.124,4.3986368
13895.324,4.3964024
13897.524,4.4008713
13899.724,4.4053407
13901.925,4.4073518
13904.126,4.4113739
13906.327,4.4086921
13908.528,4.4089155
13910.729,4.4062343
13912.931,4.4082453
13915.132,4.4118207
13917.334,4.4102564
13919.536,4.4044466
13921.738,4.4075752
13923.941,4.4095862
13926.143,4.4122675
13928.346,4.4140551
13930.549,4.4158428
13932.752,4.4127143
13934.955,4.4118207
13937.159,4.4057875
13939.362,4.410033
13941.566,4.4089155
13943.77,4.4064577
13945.974,4.4075752
13948.178,4.4055641
13950.383,4.4055641
13952.587,4.4095862
13954.792,4.4109266
13956.997,4.4104798
13959.202,4.4127143
13961.408,4.4147253
13963.613,4.4212053
13965.819,4.4220994
13968.025,4.4225462
13970.231,4.423887
13972.437,4.423887
13974.643,4.4241104
13976.85,4.4296968
13979.056,4.4314845
13981.263,4.4355066
13983.47,4.4334956
13985.678,4.4370704
13987.885,4.4444444
13990.093,4.447573
13992.3,4.4547231
13994.508,4.4558406
13996.716,4.4627674
13998.925,4.469918
14001.133,4.4717057
14003.342,4.471035
14005.551,4.4688006
14007.76,4.467907
14009.969,4.4670129
14012.178,4.4643317
14014.388,4.4728227
14016.597,4.4741636
14018.807,4.4728227
14021.017,4.4777389
14023.227,4.4839955
14025.438,4.4911456
14027.648,4.500084
14029.859,4.5038827
14032.07,4.5063405
14034.281,4.5119269
14036.492,4.5130439
14038.704,4.5134907
14040.915,4.5157252
14043.127,4.5226524
14045.339,4.5210882
14047.551,4.5152784
14049.763,4.5155018
14051.976,4.5199712
14054.189,4.5213115
14056.401,4.5222056
14058.614,4.5219822
14060.827,4.5213115
14063.041,4.5246635
14065.254,4.5313669
14067.468,4.5340486
14069.682,4.5365064
14071.896,4.5356124
14074.11,4.5347188
14076.324,4.5327077
14078.539,4.535389
14080.754,4.5318136
14082.969,4.5302499
14085.184,4.528909
14087.399,4.5340486
14089.614,4.5411988
14091.83,4.5409754
14094.046,4.5423162
14096.262,4.5534885
14098.478,4.5588515
14100.694,4.5626502
14102.911,4.5680127
14105.127,4.57494
14107.344,4.5820902
14109.561,4.5818668
14111.778,4.5885706
14113.996,4.5941565
14116.213,4.5959442
14118.431,4.5979553
14120.649,4.6024247
14122.867,4.6033183
14125.085,4.6089046
14127.303,4.6093514
14129.522,4.6142671
14131.741,4.6238757
14133.96,4.6285685
14136.179,4.6319199
14138.398,4.6372829
14140.617,4.6457739
14142.837,4.6518071
14145.057,4.653148
14147.277,4.656276
14149.497,4.6576169
14151.717,4.6520305
14153.938,4.6511369
14156.158,4.6493493
14158.379,4.6473382
14160.6,4.6426459
14162.821,4.6375063
14165.043,4.6316965
14167.264,4.6341544
14169.486,4.634825
14171.708,4.632814
14173.93,4.6301322
14176.152,4.6305795
14178.374,4.6296854
14180.597,4.6299088
14182.82,4.6321433
14185.043,4.6346016
14187.266,4.6296854
14189.489,4.6276744
14191.712,4.6287919
14193.936,4.6249931
14196.16,4.6205242
14198.384,4.6232055
14200.608,4.6205242
14202.832,4.6180659
14205.057,4.6196301
14207.281,4.6185132
14209.506,4.6173957
14211.731,4.6153846
14213.956,4.6234289
14216.182,4.627451
14218.407,4.6169489
14220.633,4.6153846
14222.859,4.6138203
14225.085,4.6104689
14227.311,4.6097982
14229.537,4.6097982
14231.764,4.6118093
14233.991,4.6046591
14236.218,4.5961676
14238.445,4.6026481
14240.672,4.6106923
14242.9,4.6111391
14245.127,4.6115859
14247.355,4.6129268
14249.583,4.6080106
14251.811,4.6097982
14254.039,4.61248
14256.268,4.614491
14258.497,4.6100216
14260.725,4.6019774
14262.954,4.600637
14265.184,4.6046591
14267.413,4.5997429
14269.642,4.6057761
14271.872,4.6026481
14274.102,4.603765
14276.332,4.6046591
14278.562,4.6093514
14280.793,4.613597
14283.023,4.615608
14285.254,4.6200769
14287.485,4.6245463
14289.716,4.627451
14291.947,4.629462
14294.179,4.6323667
14296.41,4.6354952
14298.642,4.6381765
14300.874,4.6430927
14303.106,4.6473382
14305.339,4.6421986
14307.571,4.6500194
14309.804,4.6580637
14312.037,4.6687897
14314.27,4.673482
14316.503,4.6864419
14318.736,4.6915815
14320.97,4.6967206
14323.204,4.7067759
14325.437,4.7201832
14327.672,4.7266632
14329.906,4.7302385
14332.14,4.734484
14334.375,4.7420814
14336.61,4.74521
14338.844,4.7550414
14341.08,4.7659908
14343.315,4.7709065
14345.55,4.7724708
14347.786,4.7789507
14350.022,4.7831963
14352.258,4.7896767
14354.494,4.8012958
14356.73,4.8077763
14358.967,4.8178316
14361.203,4.8223005
14363.44,4.8325792
14365.677,4.8444222
14367.914,4.8560417
14370.152,4.8728004
14372.389,4.886431
14374.627,4.892911
14376.865,4.9027429
14379.103,4.9143625
14381.341,4.9317914
14383.58,4.9438577
14385.818,4.952796
14388.057,4.9617339
14390.296,4.971119
14392.535,4.9894419
14394.774,5.0115636
14397.014,5.0276521
14399.254,5.0419529
14401.493,5.0526784
14403.733,5.0680967
14405.974,5.0870903
14408.214,5.1094354
14410.454,5.1270877
14412.695,5.1400481
14414.936,5.1539021
14417.177,5.1775881
14419.418,5.2006033
14421.66,5.2263003
14423.901,5.2490922
14426.143,5.2776938
14428.385,5.2991453
14430.627,5.3235014
14432.869,5.3483043
14435.111,5.3744481
14437.354,5.3996983
14439.597,5.4195856
14441.84,5.4399196
14444.083,5.462488
14446.326,5.4781297
14448.57,5.4991339
14450.813,5.5170101
14453.057,5.5453883
14455.301,5.5639351
14457.545,5.5842691
14459.79,5.5981232
14462.034,5.613541
14464.279,5.6285125
14466.524,5.6423665
14468.769,5.6441542
14471.014,5.6452712
14473.259,5.6334282
14475.505,5.6202448
14477.751,5.5981232
14479.997,5.5789062
14482.243,5.5489636
14484.489,5.5109769
14486.735,5.4691919
14488.982,5.4329928
14491.229,5.3918775
14493.476,5.3460699
14495.723,5.2980278
14497.97,5.2584773
14500.218,5.2133399
14502.465,5.1773642
14504.713,5.142506
14506.961,5.1078711
14509.209,5.0721188
14511.458,5.0403886
14513.706,5.0097759
14515.955,4.9843023
14518.204,4.9557007
14520.453,4.9378245
14522.702,4.9143625
14524.951,4.8915701
14527.201,4.875705
14529.451,4.8622983
14531.701,4.8444222
14533.951,4.8247583
14536.201,4.8086699
14538.451,4.7966035
14540.702,4.780515
14542.953,4.7646499
14545.204,4.7469972
14547.455,4.7288976
14549.706,4.7128091
14551.958,4.7036479
14554.209,4.6964972
14556.461,4.6895705
14558.713,4.6801854
14560.965,4.6772807
14563.218,4.6739288
14565.47,4.6743756
14567.723,4.6772807
14569.976,4.67661
14572.229,4.6786211
14574.482,4.6779509
14576.735,4.6770573
14578.989,4.6739288
14581.243,4.6667786
14583.497,4.6643203
14585.751,4.6701301
14588.005,4.6602981
14590.26,4.6636501
14592.514,4.6585105
14594.769,4.656276
14597.024,4.6553824
14599.279,4.6535948
14601.534,4.6511369
14603.79,4.6500194
14606.046,4.641305
14608.301,4.6421986
14610.557,4.6316965
14612.814,4.6308029
14615.07,4.6314731
14617.326,4.6312497
14619.583,4.632814
14621.84,4.6357186
14624.097,4.6323667
14626.354,4.633931
14628.612,4.6332608
14630.869,4.6337076
14633.127,4.6316965
14635.385,4.6292386
14637.643,4.6238757
14639.901,4.6236523
14642.16,4.6198535
14644.418,4.6200769
14646.677,4.6153846
14648.936,4.614491
14651.195,4.6122561
14653.455,4.6122561
14655.714,4.6073404
14657.974,4.6042118
14660.234,4.5966149
14662.494,4.5930395
14664.754,4.5903583
14667.014,4.5870064
14669.275,4.5874532
14671.536,4.5856655
14673.796,4.5816434
14676.058,4.5827608
14678.319,4.5843251
14680.58,4.5847719
14682.842,4.5857671
14685.104,4.5786371
14687.365,4.5773571
14689.628,4.5773571
14691.89,4.5749808
14694.152,4.5738834
14696.415,4.569496
14698.678,4.5744323
14700.941,4.5735181
14703.204,4.575346
14705.467,4.5742492
14707.731,4.5704102
14709.994,4.5824766
14712.258,4.5846703
14714.522,4.5861329
14716.786,4.5892408
14719.051,4.5980161
14721.315,4.6064262
14723.58,4.6073404
14725.845,4.6089857
14728.11,4.6104483
14730.375,4.6214178
14732.641,4.6309247
14734.906,4.6320215
14737.172,4.6417111
14739.438,4.6497553
14741.704,4.6546916
14743.97,4.659628
14746.237,4.6631016
14748.504,4.6636501
14750.77,4.6782759
14753.037,4.6885139
14755.304,4.6932676
14757.572,4.6993007
14759.839,4.7106355
14762.107,4.7148408
14764.375,4.7250788
14766.643,4.7356825
14768.911,4.741533
14771.179,4.7504915
14773.448,4.7623747
14775.717,4.7662142
14777.986,4.7715163
14780.255,4.7779148
14782.524,4.7815716
14784.793,4.7848622
14787.063,4.7903469
14789.333,4.7929064
14791.603,4.7976601
14793.873,4.7985738
14796.143,4.8044243
14798.414,4.8062527
14800.684,4.8055212
14802.955,4.8047901
14805.226,4.8073496
14807.497,4.8075322
14809.769,4.8055212
14812.04,4.805887
14814.312,4.8110059
14816.584,4.8075322
14818.856,4.8060696
14821.128,4.8031443
14823.4,4.7998538
14825.673,4.8027791
14827.946,4.8082638
14830.219,4.8069838
14832.492,4.8091775
14834.765,4.8106402
14837.038,4.8121028
14839.312,4.8099091
14841.586,4.8124686
14843.86,4.8203302
14846.134,4.8219755
14848.408,4.827826
14850.683,4.8327618
14852.957,4.833676
14855.232,4.8378813
14857.507,4.8402576
14859.782,4.8450113
14862.058,4.8475708
14864.333,4.8492161
14866.609,4.8543351
14868.885,4.8557977
14871.161,4.8598198
14873.437,4.8625625
14875.713,4.8642077
14877.99,4.8695094
14880.267,4.8777367
14882.543,4.8868778
14884.821,4.8945563
14887.098,4.9035147
14889.375,4.912839
14891.653,4.9196032
14893.931,4.9307554
14896.209,4.9408107
14898.487,4.9515976
14900.765,4.9587276
14903.044,4.9691487
14905.322,4.9751819
14907.601,4.9824945
14909.88,4.9954751
14912.159,5.0088215
14914.439,5.0179626
14916.718,5.0254584
14918.998,5.03789
14921.278,5.0492253
14923.558,5.0612917
14925.838,5.0742723
14928.118,5.0843276
14930.399,5.0951139
14932.68,5.1053524
14934.961,5.1124824
14937.242,5.119064
14939.523,5.1287536
14941.804,5.1386262
14944.086,5.1450247
14946.368,5.1536178
14948.65,5.1625758
14950.932,5.1708032
14953.214,5.1817727
14955.497,5.1942044
14957.779,5.2026144
14960.062,5.2097444
14962.345,5.2146807
14964.628,5.2192513
14966.912,5.2285755
14969.195,5.2318661
14971.479,5.2369851
14973.763,5.2399103
14976.047,5.2464919
14978.331,5.2481377
14980.616,5.2539878
14982.9,5.2596552
14985.185,5.2702594
14987.47,5.276841
14989.755,5.2845194
14992.04,5.2971342
14994.326,5.3071895
14996.611,5.3185248
14998.897,5.328397
15001.183,5.3386354
15003.469,5.3461308
15005.756,5.3587461
15008.042,5.3693498
15010.329,5.3755656
15012.616,5.3861693
15014.903,5.3993326
15017.19,5.4075599
15019.477,5.415421
15021.765,5.4285843
15024.052,5.4393711
15026.34,5.4461354
15028.628,5.4585675
15030.917,5.4700855
15033.205,5.4814208
15035.494,5.4953151
15037.782,5.5033593
15040.071,5.5145115
15042.36,5.5242015
15044.65,5.5393757
15046.939,5.5426663
15049.229,5.5476026
15051.519,5.5567437
15053.809,5.5633253
15056.099,5.5547327
15058.389,5.5490653
15060.68,5.5337083
15062.97,5.5210931
15065.261,5.4995203
15067.552,5.4773986
15069.843,5.448878
15072.135,5.4236484
15074.426,5.3982357
15076.718,5.3642303
15079.01,5.3307738
15081.302,5.301339
15083.594,5.270442
15085.887,5.2457609
15088.179,5.2203481
15090.472,5.2011517
15092.765,5.1777506
15095.058,5.1536178
15097.351,5.1371636
15099.645,5.1183325
15101.938,5.1064492
15104.232,5.0878013
15106.526,5.0740891
15108.82,5.0622059
15111.115,5.0484938
15113.409,5.035879
15115.704,5.0228989
15117.999,5.0146715
15120.294,5.0069931
15122.589,4.9930983
15124.884,4.9857856
15127.18,4.9729877
15129.476,4.9691487
15131.771,4.9583618
15134.068,4.9514144
15136.364,4.9448328
15138.66,4.9415423
15140.957,4.9345949
15143.254,4.9225285
15145.551,4.9196032
15147.848,4.9133874
15150.145,4.9036974
15152.442,4.89803
15154.74,4.8956531
15157.038,4.8932768
15159.336,4.8850494
15161.634,4.8834041
15163.932,4.8760915
15166.231,4.867133
15168.53,4.8623793
15170.828,4.8568946
15173.128,4.8554319
15175.427,4.8483019
15177.726,4.8422687
15180.026,4.831665
15182.325,4.8261802
15184.625,4.8230723
15186.925,4.8152107
15189.226,4.8089949
15191.526,4.8029617
15193.827,4.7954659
15196.127,4.7866906
15198.428,4.7799258
15200.73,4.7786463
15203.031,4.7786463
15205.332,4.7759037
15207.634,4.7649342
15209.936,4.7599984
15212.238,4.7545136
15214.54,4.7446409
15216.842,4.7391562
15219.145,4.734403
15221.448,4.7316604
15223.75,4.7188629
15226.053,4.7110013
15228.357,4.700946
15230.66,4.6934502
15232.964,4.6879655
15235.267,4.6742538
15237.571,4.6645643
15239.875,4.6649301
15242.18,4.6607248
15244.484,4.6579827
15246.789,4.6464647
15249.093,4.6446363
15251.398,4.6417111
15253.704,4.6333015
15256.009,4.6258057
15258.314,4.6186757
15260.62,4.6194067
15262.926,4.615933
15265.232,4.6098999
15267.538,4.6009414
15269.844,4.5923487
15272.151,4.5912519
15274.458,4.5850361
15276.764,4.5779055
15279.072,4.5747976
15281.379,4.5696786
15283.686,4.5691302
15285.994,4.5638281
15288.301,4.5577949
15290.609,4.5512133
15292.917,4.5519449
15295.226,4.5517617
15297.534,4.5449975
15299.843,4.5396954
15302.152,4.5364048
15304.461,4.5338453
15306.77,4.5261669
15309.079,4.5250695
15311.388,4.5243385
15313.698,4.5215958
15316.008,4.5250695
15318.318,4.5239727
15320.628,4.5206821
15322.939,4.5164769
15325.249,4.5172084
15327.56,4.5186711
15329.871,4.5173911
15332.182,4.5221447
15334.493,4.5221447
15336.804,4.5221447
15339.116,4.5210474
15341.428,4.51538
15343.74,4.5159284
15346.052,4.5124547
15348.364,4.5137347
15350.676,4.5157458
15352.989,4.5097126
15355.302,4.5087984
15357.615,4.5027652
15359.928,4.4970978
15362.241,4.493441
15364.555,4.495452
15366.868,4.4952694
15369.182,4.4914299
15371.496,4.4919788
15373.811,4.4908815
15376.125,4.4830204
15378.439,4.4857625
15380.754,4.4813746
15383.069,4.4808262
15385.384,4.4810093
15387.699,4.4773525
15390.015,4.4777183
15392.33,4.4713193
15394.646,4.4704056
15396.962,4.4704056
15399.278,4.4685772
15401.594,4.4727819
15403.911,4.4672972
15406.227,4.4685772
15408.544,4.4718682
15410.861,4.4716851
15413.178,4.468943
15415.496,4.4619956
15417.813,4.4603503
15420.131,4.4539513
15422.449,4.4537687
15424.767,4.4539513
15427.085,4.4486492
15429.403,4.4532198
15431.722,4.4544997
15434.041,4.454134
15436.36,4.4532198
15438.679,4.4572419
15440.998,4.4621782
15443.317,4.4636408
15445.637,4.4630924
15447.957,4.4621782
15450.277,4.4608987
15452.597,4.4590703
15454.917,4.4568766
15457.237,4.4515745
15459.558,4.4477355
15461.879,4.4460897
15464.2,4.4455413
15466.521,4.4400565
15468.842,4.4413365
15471.164,4.441885
15473.486,4.4429818
15475.807,4.443896
15478.129,4.4462729
15480.452,4.4413365
15482.774,4.4409707
15485.097,4.4433476
15487.419,4.4459071
15489.742,4.4442618
15492.065,4.4402397
15494.389,4.4400565
15496.712,4.4431645
15499.036,4.4349376
15501.359,4.4332923
15503.683,4.4309154
15506.007,4.428356
15508.332,4.4329265
15510.656,4.4334749
15512.981,4.431647
15515.306,4.4298186
15517.631,4.4314639
15519.956,4.429087
15522.281,4.4312812
15524.607,4.4310981
15526.932,4.4305497
15529.258,4.4332923
15531.584,4.4373144
15533.91,4.4342065
15536.237,4.4307328
15538.563,4.4292702
15540.89,4.4343891
15543.217,4.4323781
15545.544,4.4342065
15547.871,4.429087
15550.199,4.4371313
15552.526,4.4356691
15554.854,4.4378628
15557.182,4.4389597
15559.51,4.438777
15561.839,4.441885
15564.167,4.4424334
15566.496,4.4400565
15568.824,4.442616
15571.153,4.4398739
15573.483,4.4440787
15575.812,4.4415192
15578.142,4.4431645
15580.471,4.4409707
15582.801,4.4437134
15585.131,4.4442618
15587.461,4.4400565
15589.792,4.4360344
15592.122,4.4353033
15594.453,4.4365828
15596.784,4.4360344
15599.115,4.4347549
15601.446,4.4329265
15603.778,4.4351202
15606.109,4.4334749
15608.441,4.4292702
15610.773,4.4287217
15613.105,4.4329265
15615.438,4.4349376
15617.77,4.4356691
15620.103,4.4393255
15622.435,4.4415192
15624.768,4.4400565
15627.102,4.4402397
15629.435,4.4358518
15631.769,4.4336581
15634.102,4.4332923
15636.436,4.436766
15638.77,4.4296359
15641.104,4.4331092
15643.439,4.4356691
15645.773,4.430367
15648.108,4.4347549
15650.443,4.4382286
15652.778,4.4404223
15655.113,4.4446271
15657.449,4.4481008
15659.784,4.4508434
15662.12,4.4501118
15664.456,4.456145
15666.792,4.455414
15669.129,4.4530371
15671.465,4.4616298
15673.802,4.4630924
15676.139,4.4621782
15678.476,4.4627266
15680.813,4.4667488
15683.15,4.4698572
15685.488,4.4678461
15687.825,4.4704056
15690.163,4.4738793
15692.501,4.4755246
15694.84,4.4784498
15697.178,4.474793
15699.517,4.4762556
15701.855,4.4769872
15704.194,4.4810093
15706.533,4.4797293
15708.873,4.4841172
15711.212,4.4870425
15713.552,4.4852141
15715.892,4.4874078
15718.231,4.4885051
15720.572,4.4881394
15722.912,4.4903331
15725.252,4.4875909
15727.593,4.4875909
15729.934,4.4906988
15732.275,4.4932583
15734.616,4.4921615
15736.958,4.4938068
15739.299,4.4949036
15741.641,4.4932583
15743.983,4.4943552
15746.325,4.4965494
15748.667,4.5007541
15751.009,4.5027652
15753.352,4.5064215
15755.695,4.5040452
15758.038,4.5020341
15760.381,4.5045936
15762.724,4.510261
15765.067,4.5161116
15767.411,4.5208648
15769.755,4.5190363
15772.099,4.527629
15774.443,4.5281779
15776.787,4.534028
15779.132,4.5364048
15781.477,4.5382332
15783.821,4.5404269
15786.166,4.5418896
15788.512,4.5393301
15790.857,4.5391469
15793.203,4.5406096
15795.548,4.5492023
15797.894,4.5439006
15800.24,4.5444491
15802.586,4.5477396
15804.933,4.5502996
15807.279,4.5588923
15809.626,4.5667534
15811.973,4.5702271
15814.32,4.5779055
15816.668,4.5782713
15819.015,4.5813792
15821.363,4.5841218
15823.71,4.5928972
15826.058,4.5980161
15828.407,4.5987477
15830.755,4.6038667
15833.103,4.6045982
15835.452,4.607523
15837.801,4.6142878
15840.15,4.6186757
15842.499,4.6314731
15844.849,4.6404316
15847.198,4.6508526
15849.548,4.6574342
15851.898,4.6704143
15854.248,4.682298
15856.598,4.6929018
15858.949,4.7088076
15861.299,4.7263587
15863.65,4.7386078
15866.001,4.7532336
15868.352,4.7684079
15870.703,4.7813885
15873.055,4.7967459
15875.406,4.8137486
15877.758,4.8280086
15880.11,4.8430003
15882.462,4.857443
15884.815,4.8678641
15887.167,4.8782852
15889.52,4.8908999
15891.873,4.9027837
15894.226,4.9124732
15896.579,4.9196032
15898.932,4.925088
15901.286,4.9269164
15903.64,4.9303901
15905.994,4.9340464
15908.348,4.9345949
15910.702,4.9353259
15913.056,4.9276475
15915.411,4.9216143
15917.766,4.9163127
15920.121,4.9066227
15922.476,4.8947394
15924.831,4.8823073
15927.187,4.8685956
15929.542,4.852324
15931.898,4.8307508
15934.254,4.8174049
15936.61,4.7983912
15938.967,4.7819369
15941.323,4.761461
15943.68,4.741533
15946.037,4.727273
15948.394,4.7119155
15950.751,4.6991181
15953.108,4.6916223
15955.466,4.6777275
15957.824,4.6689522
15960.181,4.6592622
15962.54,4.6521321
15964.898,4.6486584
15967.256,4.6488416
15969.615,4.6431737
15971.974,4.635861
15974.333,4.6437221
15976.692,4.6373236
15979.051,4.628731
15981.411,4.6270852
15983.77,4.6272683
15986.13,4.6232462
15988.49,4.6225147
15990.85,4.6216004
15993.211,4.6146535
15995.571,4.613922
15997.932,4.6131909
16000.293,4.6025872
16002.654,4.6020383
16005.015,4.6033183
16007.376,4.6014898
16009.738,4.6020383
16012.1,4.600393
16014.462,4.5976508
16016.824,4.5956398
16019.186,4.5991135
16021.548,4.6002103
16023.911,4.5980161
16026.274,4.602404
16028.637,4.6060604
16031,4.6108141
16033.363,4.613922
16035.727,4.615202
16038.09,4.6162988
16040.454,4.6184925
16042.818,4.622332
16045.182,4.6236115
16047.547,4.6276336
16049.911,4.63257
16052.276,4.6329357
16054.641,4.6334842
16057.006,4.6314731
16059.371,4.6327531
16061.737,4.634581
16064.102,4.6336668
16066.468,4.6347642
16068.834,4.6334842
16071.2,4.6347642
16073.566,4.630742
16075.933,4.6248915
16078.299,4.6221489
16080.666,4.6175783
16083.033,4.6144704
16085.4,4.6086204
16087.767,4.6000272
16090.135,4.5976508
16092.503,4.5958224
16094.87,4.5855845
16097.238,4.5819277
16099.607,4.5799166
16101.975,4.5768087
16104.344,4.5698613
16106.712,4.5636455
16109.081,4.5568812
16111.45,4.5579781
16113.819,4.5570639
16116.189,4.5530417
16118.558,4.5459117
16120.928,4.5524933
16123.298,4.5473743
16125.668,4.5437175
16128.039,4.5431691
16130.409,4.5420722
16132.78,4.5439006
16135.15,4.5433522
16137.521,4.5384159
16139.893,4.5395127
16142.264,4.5376843
16144.635,4.536039
16147.007,4.5325653
16149.379,4.5331138
16151.751,4.5292748
16154.123,4.5303716
16156.495,4.5347595
16158.868,4.534028
16161.241,4.5331138
16163.614,4.5338453
16165.987,4.5305543
16168.36,4.5323827
16170.733,4.5327485
16173.107,4.5314685
16175.481,4.5294574
16177.855,4.5290916
16180.229,4.5316511
16182.603,4.5292748
16184.978,4.5290916
16187.352,4.5338453
16189.727,4.5385985
16192.102,4.5406096
16194.477,4.5417064
16196.852,4.5455459
16199.228,4.5510307
16201.604,4.5519449
16203.979,4.5581607
16206.355,4.5543217
16208.732,4.5552354
16211.108,4.5594407
16213.485,4.5563328
16215.861,4.555967
16218.238,4.5583438
16220.615,4.5629144
16222.993,4.564377
16225.37,4.562366
16227.748,4.5683991
16230.125,4.5702271
16232.503,4.5735181
16234.881,4.5755292
16237.26,4.5780887
16239.638,4.5821108
16242.017,4.5874124
16244.396,4.591983
16246.775,4.5949082
16249.154,4.5960051
16251.533,4.5998446
16253.913,4.6045982
16256.292,4.6071577
16258.672,4.6148362
16261.052,4.6237946
16263.432,4.6265368
16265.813,4.6331184
16268.193,4.6342152
16270.574,4.6402484
16272.955,4.6455505
16275.336,4.6488416
16277.717,4.6568858
16280.099,4.6620048
16282.48,4.6654785
16284.862,4.661639
16287.244,4.6599937
16289.626,4.6587137
16292.009,4.6612732
16294.391,4.6605422
16296.774,4.653229
16299.156,4.6435395
16301.539,4.6442705
16303.923,4.6387863
16306.306,4.6252573
16308.689,4.6201378
16311.073,4.6216004
16313.457,4.6186757
16315.841,4.6108141
16318.225,4.6027698
16320.61,4.5960051
16322.994,4.5892408
16325.379,4.5819277
16327.764,4.5769918
16330.149,4.5647423
16332.534,4.5603549
16334.92,4.5524933
16337.305,4.5442664
16339.691,4.5307374
16342.077,4.5270806
16344.463,4.520499
16346.849,4.5146489
16349.236,4.5119063
16351.623,4.5120894
16354.009,4.5005715
16356.396,4.5005715
16358.784,4.5003884
16361.171,4.4958178
16363.558,4.4892362
16365.946,4.4903331
16368.334,4.4925273
16370.722,4.4903331
16373.11,4.4881394
16375.499,4.4863109
16377.887,4.4877736
16380.276,4.4932583
16382.665,4.4919788
16385.054,4.4890536
16387.443,4.4917957
16389.833,4.4923441
16392.222,4.4914299
16394.612,4.4890536
16397.002,4.4899678
16399.392,4.488322
16401.783,4.4881394
16404.173,4.4839346
16406.564,4.4780841
16408.955,4.4736961
16411.346,4.4751588
16413.737,4.4693082
16416.128,4.4656519
16418.52,4.4632751
16420.911,4.4608987
16423.303,4.4577908
16425.695,4.4534029
16428.088,4.4524887
16430.48,4.452306
16432.872,4.4510261
16435.265,4.4526713
16437.658,4.4501118
16440.051,4.4544997
16442.445,4.4557797
16444.838,4.4570592
16447.232,4.4537687
16449.625,4.4517576
16452.019,4.4587045
16454.414,4.4557797
16456.808,4.4568766
16459.202,4.456145
16461.597,4.4552308
16463.992,4.4537687
16466.387,4.4486492
16468.782,4.4519403
16471.177,4.4512087
16473.573,4.4488323
16475.969,4.450295
16478.365,4.4459071
16480.761,4.4437134
16483.157,4.4384113
16485.553,4.4404223
16487.95,4.4393255
16490.347,4.4351202
16492.744,4.4342065
16495.141,4.4276249
16497.538,4.421957
16499.935,4.4237854
16502.333,4.4170207
16504.731,4.4195806
16507.129,4.4192149
16509.527,4.4210428
16511.925,4.416838
16514.324,4.4128159
16516.722,4.4115364
16519.121,4.4151927
16521.52,4.4151927
16523.919,4.4142785
16526.319,4.4111706
16528.718,4.4120848
16531.118,4.4080627
16533.518,4.404589
16535.918,4.4040406
16538.318,4.4038574
16540.719,4.4005669
16543.119,4.39947
16545.52,4.3954479
16547.921,4.3963616
16550.322,4.4003838
16552.723,4.3965448
16555.125,4.3967274
16557.526,4.3970932
16559.928,4.3983727
16562.33,4.3965448
16564.732,4.3938021
16567.135,4.3934369
16569.537,4.3959963
16571.94,4.3914258
16574.343,4.3879521
16576.746,4.3831984
16579.149,4.3901458
16581.552,4.3888658
16583.956,4.3886832
16586.36,4.3899632
16588.764,4.3868548
16591.168,4.3892316
16593.572,4.3917911
16595.976,4.3919742
16598.381,4.3937039
16600.786,4.3992732
16603.191,4.3988087
16605.596,4.3974167
16608.001,4.3944772
16610.407,4.3971069
16612.812,4.3954057
16615.218,4.3941679
16617.624,4.398654
16620.03,4.3980354
16622.436,4.3988087
16624.843,4.3967976
16627.25,4.3997371
16629.657,4.398654
16632.064,4.3921569
16634.471,4.3949412
16636.878,4.3964883
16639.286,4.396179
16641.693,4.396179
16644.101,4.3958697
16646.509,4.3977261
16648.918,4.3915382
16651.326,4.3921569
16653.735,4.3947866
16656.143,4.3988087
16658.552,4.3963336
16660.962,4.398654
16663.371,4.4037593
16665.78,4.4022122
16668.19,4.4053063
16670.6,4.4068529
16673.01,4.4053063
16675.42,4.405925
16677.83,4.4066983
16680.241,4.4119582
16682.652,4.4142785
16685.062,4.4111844
16687.473,4.4068529
16689.885,4.4084
16692.296,4.4036046
16694.708,4.4037593
16697.119,4.4045325
16699.531,4.4015935
16701.943,4.4014389
16704.356,4.4012842
16706.768,4.4020575
16709.181,4.4017482
16711.593,4.399118
16714.006,4.3972621
16716.419,4.3969523
16718.833,4.398654
16721.246,4.3940133
16723.66,4.3994278
16726.074,4.3950959
16728.488,4.3960243
16730.902,4.3935493
16733.316,4.3892178
16735.731,4.3901458
16738.145,4.3879801
16740.56,4.386897
16742.975,4.3881347
16745.391,4.3867423
16747.806,4.385969
16750.222,4.3862783
16752.637,4.388908
16755.053,4.3865877
16757.469,4.3890627
16759.886,4.3875161
16762.302,4.3943226
16764.719,4.3978807
16767.135,4.3923115
16769.552,4.3983447
16771.97,4.3984994
16774.387,4.3989633
16776.804,4.4008197
16779.222,4.3988087
16781.64,4.3995825
16784.058,4.4020575
16786.476,4.399118
16788.894,4.4005104
16791.313,4.3983447
16793.732,4.3977261
16796.151,4.3978807
16798.57,4.4039139
16800.989,4.3960243
16803.408,4.3963336
16805.828,4.396643
16808.248,4.3960243
16810.667,4.4014389
16813.088,4.396179
16815.508,4.3916929
16817.928,4.3938586
16820.349,4.3935493
16822.77,4.3933946
16825.191,4.3893725
16827.612,4.3907644
16830.033,4.3910738
16832.455,4.3898365
16834.876,4.3865877
16837.298,4.3833393
16839.72,4.3811736
16842.142,4.3760684
16844.565,4.3769963
16846.987,4.3749853
16849.41,4.3769963
16851.833,4.3756044
16854.256,4.3783888
16856.679,4.3757591
16859.102,4.3749853
16861.526,4.3749853
16863.95,4.3790074
16866.374,4.3803998
16868.798,4.3825655
16871.222,4.3836486
16873.647,4.3850406
16876.071,4.3892178
16878.496,4.3896818
16880.921,4.3901458
16883.346,4.3892178
16885.771,4.3881347
16888.197,4.3920022
16890.623,4.3921569
16893.048,4.3910738
16895.475,4.3924662
16897.901,4.395251
16900.327,4.3967976
16902.754,4.39819
16905.18,4.4014389
16907.607,4.4017482
16910.034,4.4046872
16912.462,4.4068529
16914.889,4.4091733
16917.317,4.4152065
16919.744,4.4184553
16922.172,4.4223228
16924.6,4.4230961
16927.029,4.4249525
16929.457,4.4244885
16931.886,4.4252618
16934.315,4.428356
16936.744,4.4288199
16939.173,4.433306
16941.602,4.437638
16944.032,4.430831
16946.461,4.4360909
16948.891,4.4340798
16951.321,4.4356269
16953.751,4.4319141
16956.182,4.4374833
16958.612,4.4354722
16961.043,4.4377926
16963.474,4.4422787
16965.905,4.4442898
16968.336,4.4475386
16970.768,4.4433613
16973.199,4.4475386
16975.631,4.4537265
16978.063,4.4541904
16980.495,4.4565108
16982.927,4.460069
16985.36,4.4637818
16987.792,4.4645551
16990.225,4.471826
16992.658,4.4778592
16995.091,4.4804889
16997.525,4.4809529
16999.958,4.4866767
17002.392,4.496732
17004.826,4.499671
17007.26,4.5036932
17009.694,4.5072513
17012.128,4.5149862
17014.563,4.5174613
17016.998,4.5222572
17019.433,4.529837
17021.868,4.5335498
17024.303,4.5349422
17026.738,4.5422131
17029.174,4.5516493
17031.61,4.5528871
17034.046,4.5536604
17036.482,4.5579918
17038.918,4.5661912
17041.355,4.5729977
17043.791,4.5734617
17046.228,4.5798042
17048.665,4.5881577
17051.102,4.5893955
17053.539,4.5943461
17055.977,4.6016165
17058.415,4.6047107
17060.853,4.6073404
17063.291,4.6150753
17065.729,4.6226556
17068.167,4.6286887
17070.606,4.6320917
17073.045,4.6351859
17075.483,4.6443128
17077.922,4.6472523
17080.362,4.652357
17082.801,4.6587
17085.241,4.6634954
17087.681,4.6706112
17090.121,4.6749431
17092.561,4.6769542
17095.001,4.6806665
17097.441,4.6806665
17099.882,4.6819043
17102.323,4.6849984
17104.764,4.6868549
17107.205,4.6879375
17109.646,4.6882468
17112.088,4.6846886
17114.53,4.6823683
17116.972,4.684534
17119.414,4.6803572
17121.856,4.6764897
17124.298,4.6757164
17126.741,4.6712303
17129.184,4.6704566
17131.626,4.6634954
17134.07,4.6565338
17136.513,4.6506558
17138.956,4.6426115
17141.4,4.6409098
17143.844,4.6337935
17146.288,4.6268323
17148.732,4.61523
17151.176,4.6067217
17153.621,4.598213
17156.065,4.5890862
17158.51,4.5804233
17160.955,4.5709866
17163.4,4.5680471
17165.846,4.5593842
17168.291,4.5491743
17170.737,4.5414393
17173.183,4.5349422
17175.629,4.5309201
17178.075,4.5238038
17180.521,4.5214834
17182.968,4.517152
17185.415,4.5137485
17187.862,4.5057042
17190.309,4.5002902
17192.756,4.4990524
17195.203,4.4910082
17197.651,4.4903895
17200.099,4.4906988
17202.547,4.4888424
17204.995,4.4801796
17207.443,4.4758481
17209.892,4.4730633
17212.34,4.4684225
17214.789,4.4640911
17217.238,4.4586765
17219.687,4.4609969
17222.137,4.4591405
17224.586,4.4551184
17227.036,4.455273
17229.486,4.4509416
17231.936,4.4461462
17234.386,4.4428974
17236.837,4.4450631
17239.287,4.4490852
17241.738,4.4483119
17244.189,4.4444444
17246.64,4.4436711
17249.091,4.4422787
17251.543,4.4337705
17253.994,4.4351624
17256.446,4.4320688
17258.898,4.429903
17261.35,4.4288199
17263.803,4.4329967
17266.255,4.4326874
17268.708,4.4286653
17271.161,4.4207757
17273.614,4.4161349
17276.067,4.4159803
17278.52,4.4159803
17280.974,4.4175274
17283.427,4.4200024
17285.881,4.4159803
17288.335,4.4136599
17290.79,4.4125768
17293.244,4.4141239
17295.699,4.4073174
17298.153,4.4046872
17300.608,4.4028308
17303.063,4.4029855
17305.519,4.4099471
17307.974,4.4068529
17310.43,4.4019028
17312.886,4.4005104
17315.342,4.4028308
17317.798,4.396179
17320.254,4.3998918
17322.711,4.4014389
17325.167,4.3969523
17327.624,4.3980354
17330.081,4.3998918
17332.538,4.3995825
17334.996,4.4015935
17337.453,4.3950959
17339.911,4.3958697
17342.369,4.3974167
17344.827,4.3967976
17347.285,4.395251
17349.744,4.4037593
17352.202,4.4014389
17354.661,4.3975714
17357.12,4.4022122
17359.579,4.4026761
17362.038,4.4002011
17364.498,4.4015935
17366.957,4.4000464
17369.417,4.4011291
17371.877,4.4022122
17374.337,4.405461
17376.798,4.4049965
17379.258,4.4051512
17381.719,4.4008197
17384.18,4.3980354
17386.641,4.4005104
17389.102,4.3954057
17391.563,4.3963336
17394.025,4.3964883
17396.487,4.3943226
17398.949,4.3906098
17401.411,4.3926208
17403.873,4.3946319
17406.335,4.3930848
17408.798,4.396643
17411.261,4.3971069
17413.724,4.3978807
17416.187,4.3989633
17418.65,4.3975714
17421.114,4.4020575
17423.577,4.4014389
17426.041,4.3988087
17428.505,4.4000464
17430.969,4.4009744
17433.434,4.3984994
17435.898,4.395715
17438.363,4.3935493
17440.828,4.3893725
17443.293,4.3893725
17445.758,4.3875161
17448.223,4.3901458
17450.689,4.3895272
17453.155,4.3847313
17455.62,4.3838033
17458.087,4.383958
17460.553,4.3856597
17463.019,4.3872068
17465.486,4.3847313
17467.953,4.3848859
17470.42,4.3842673
17472.887,4.3824109
17475.354,4.3814829
17477.822,4.3873614
17480.289,4.385505
17482.757,4.3882894
17485.225,4.3881347
17487.693,4.3872068
17490.162,4.3899911
17492.63,4.3865877
17495.099,4.385505
17497.568,4.3909191
17500.037,4.3929302
17502.506,4.3918475
17504.975,4.3915382
17507.445,4.3935493
17509.915,4.386897
17512.384,4.3851957
17514.855,4.3838033
17517.325,4.3841126
17519.795,4.3831847
17522.266,4.3773061
17524.737,4.3763777
17527.208,4.374676
17529.679,4.3717369
17532.15,4.3666317
17534.622,4.3677148
17537.093,4.3627642
17539.565,4.35472
17542.037,4.3519356
17544.509,4.3519356
17546.982,4.3488415
17549.454,4.3435821
17551.927,4.3398693
17554.4,4.3403333
17556.873,4.341107
17559.346,4.3397146
17561.819,4.3325983
17564.293,4.3316704
17566.767,4.3251732
17569.241,4.328886
17571.715,4.3278029
17574.189,4.3287309
17576.663,4.3240901
17579.138,4.3197587
17581.613,4.3203773
17584.088,4.3192947
17586.563,4.3177476
17589.038,4.3132615
17591.514,4.3101673
17593.989,4.3090847
17596.465,4.3061452
17598.941,4.3064545
17601.417,4.3050626
17603.894,4.3015045
17606.37,4.3028969
17608.847,4.3021231
17611.324,4.2956259
17613.801,4.2936149
17616.278,4.2909852
17618.756,4.28588
17621.233,4.2818578
17623.711,4.2807752
17626.189,4.2830956
17628.667,4.2809299
17631.145,4.2798468
17633.624,4.2753607
17636.102,4.2782997
17638.581,4.2745874
17641.06,4.2707199
17643.539,4.2773717
17646.019,4.2762886
17648.498,4.2772171
17650.978,4.2790735
17653.458,4.2784544
17655.938,4.2762886
17658.418,4.2775264
17660.898,4.2798468
17663.379,4.2793828
17665.859,4.2803108
17668.34,4.2782997
17670.821,4.2739683
17673.303,4.2759793
17675.784,4.272731
17678.266,4.2735043
17680.747,4.2704101
17683.229,4.2733496
17685.711,4.2735043
17688.194,4.2711839
17690.676,4.266388
17693.159,4.262985
17695.642,4.2603548
17698.125,4.2580344
17700.608,4.2583437
17703.091,4.2598908
17705.575,4.2598908
17708.058,4.2566425
17710.542,4.2580344
17713.026,4.2566425
17715.51,4.2523106
17717.995,4.2513826
17720.479,4.2543216
17722.964,4.2547861
17725.449,4.2549407
17727.934,4.2564878
17730.419,4.2571065
17732.905,4.2554047
17735.39,4.2564878
17737.876,4.2529297
17740.362,4.2566425
17742.848,4.2533937
17745.334,4.2563327
17747.821,4.2572611
17750.307,4.2563327
17752.794,4.2564878
17755.281,4.2549407
17757.768,4.2543216
17760.256,4.2546314
17762.743,4.254167
17765.231,4.2526204
17767.719,4.2540123
17770.207,4.255714
17772.695,4.2547861
17775.183,4.2563327
17777.672,4.2526204
17780.161,4.2529297
17782.65,4.2550954
17785.139,4.2552501
17787.628,4.2526204
17790.117,4.2552501
17792.607,4.2538576
17795.097,4.2493715
17797.587,4.2516919
17800.077,4.2458134
17802.567,4.2447308
17805.058,4.2408633
17807.548,4.2383883
17810.039,4.2421006
17812.53,4.2411726
17815.021,4.2377692
17817.513,4.2380785
17820.004,4.2360674
17822.496,4.2322
17824.988,4.2349848
17827.48,4.2339017
17829.972,4.2325098
17832.464,4.2343662
17834.957,4.2340564
17837.45,4.2354488
17839.942,4.2329737
17842.436,4.2323551
17844.929,4.2304987
17847.422,4.2277139
17849.916,4.2280232
17852.41,4.2322
17854.904,4.2298796
17857.398,4.228797
17859.892,4.2332831
17862.386,4.2356034
17864.881,4.2349848
17867.376,4.2340564
17869.871,4.2352941
17872.366,4.2332831
17874.861,4.2320453
17877.357,4.2320453
17879.853,4.234211
17882.349,4.231272
17884.845,4.2301889
17887.341,4.2326644
17889.837,4.228797
17892.334,4.2263219
17894.831,4.224001
17897.327,4.2232278
17899.825,4.2227638
17902.322,4.2198243
17904.819,4.2247748
17907.317,4.2221446
17909.815,4.2235371
17912.313,4.2252388
17914.811,4.2235371
17917.309,4.2204434
17919.808,4.2222998
17922.306,4.224001
17924.805,4.2232278
17927.304,4.2222998
17929.803,4.2229184
17932.303,4.2247748
17934.802,4.2267859
17937.302,4.2246202
17939.802,4.2289516
17942.302,4.2250842
17944.802,4.224001
17947.302,4.2218353
17949.803,4.2247748
17952.304,4.2199789
17954.805,4.2193603
17957.306,4.2175039
17959.807,4.2178132
17962.308,4.2188963
17964.81,4.2199789
17967.312,4.2184323
17969.814,4.2181225
17972.316,4.2144102
17974.818,4.2153382
17977.321,4.2142556
17979.823,4.2181225
17982.326,4.2182777
17984.829,4.2193603
17987.332,4.2176585
17989.836,4.2193603
17992.339,4.2179679
17994.843,4.2141004
17997.347,4.2111614
17999.851,4.2144102
18002.355,4.2137911
18004.86,4.2141004
18007.364,4.218587
18009.869,4.2147195
18012.374,4.2147195
18014.879,4.2159568
18017.384,4.2161115
18019.89,4.2139457
18022.395,4.2134818
18024.901,4.2130178
18027.407,4.2147195
18029.913,4.2127085
18032.42,4.2106974
18034.926,4.2122445
18037.433,4.2134818
18039.94,4.2091503
18042.447,4.2114707
18044.954,4.2099236
18047.461,4.2076032
18049.969,4.2086863
18052.476,4.2111614
18054.984,4.2116254
18057.492,4.2108521
18060.001,4.2114707
18062.509,4.2125538
18065.018,4.2099236
18067.526,4.209769
18070.035,4.2031171
18072.544,4.2021892
18075.054,4.2071393
18077.563,4.2062113
18080.073,4.2045096
18082.583,4.2077579
18085.093,4.2068299
18087.603,4.2068299
18090.113,4.2065206
18092.623,4.2035811
18095.134,4.2028078
18097.645,4.2031171
18100.156,4.2037358
18102.667,4.208841
18105.179,4.2100783
18107.69,4.208841
18110.202,4.2057468
18112.714,4.2048189
18115.226,4.1992497
18117.738,4.1997137
18120.251,4.1984764
18122.763,4.1994043
18125.276,4.2035811
18127.789,4.2014154
18130.302,4.2018794
18132.815,4.2021892
18135.329,4.200023
18137.842,4.2014154
18140.356,4.2024985
18142.87,4.2059015
18145.384,4.2049735
18147.899,4.2059015
18150.413,4.2048189
18152.928,4.2072939
18155.443,4.2072939
18157.958,4.2037358
18160.473,4.2082224
18162.988,4.2086863
18165.504,4.2077579
18168.02,4.2094596
18170.535,4.2066753
18173.052,4.2049735
18175.568,4.2068299
18178.084,4.2086863
18180.601,4.21178
18183.118,4.2144102
18185.635,4.2125538
18188.152,4.2108521
18190.669,4.2142556
18193.186,4.2131724
18195.704,4.2119347
18198.222,4.2096143
18200.74,4.2119347
18203.258,4.2173492
18205.776,4.2161115
18208.295,4.2158021
18210.814,4.2182777
18213.332,4.2170399
18215.851,4.2165759
18218.371,4.2195149
18220.89,4.2244655
18223.41,4.224001
18225.929,4.2238464
18228.449,4.2277139
18230.969,4.2318906
18233.49,4.2332831
18236.01,4.2284876
18238.531,4.2311173
18241.051,4.2315813
18243.572,4.2332831
18246.094,4.231736
18248.615,4.231272
18251.136,4.2326644
18253.658,4.2345208
18256.18,4.2359128
18258.702,4.2349848
18261.224,4.2366865
18263.746,4.2393162
18266.269,4.2383883
18268.792,4.243957
18271.314,4.2433384
18273.837,4.2445761
18276.361,4.2428744
18278.884,4.2465872
18281.408,4.2472058
18283.931,4.2478245
18286.455,4.2465872
18288.979,4.2447308
18291.504,4.2478245
18294.028,4.2472058
18296.553,4.2425651
18299.077,4.2417913
18301.602,4.2408633
18304.128,4.2411726
18306.653,4.2393162
18309.178,4.2438023
18311.704,4.2445761
18314.23,4.2468965
18316.756,4.2472058
18319.282,4.2478245
18321.808,4.2476698
18324.335,4.2493715
18326.862,4.2481338
18329.388,4.2465872
18331.915,4.2467418
18334.443,4.2451948
18336.97,4.2468965
18339.498,4.2458134
18342.025,4.2444215
18344.553,4.240554
18347.081,4.2385429
18349.61,4.2376145
18352.138,4.2356034
18354.667,4.2371505
18357.196,4.2359128
18359.725,4.231736
18362.254,4.2345208
18364.783,4.234211
18367.312,4.2320453
18369.842,4.2314267
18372.372,4.2281778
18374.902,4.2252388
18377.432,4.2275592
18379.963,4.2272499
18382.493,4.2264766
18385.024,4.2255481
18387.555,4.2229184
18390.086,4.2205981
18392.617,4.2250842
18395.148,4.2260121
18397.68,4.2243109
18400.212,4.2257028
18402.744,4.2241557
18405.276,4.2281778
18407.808,4.2292609
18410.34,4.2253729
18412.873,4.2233618
18415.406,4.2218869
18417.939,4.2192056
18420.472,4.2202784
18423.005,4.2185354
18425.539,4.2197418
18428.072,4.2188035
18430.606,4.2137086
18433.14,4.2157197
18435.675,4.2158537
18438.209,4.2138426
18440.743,4.2137086
18443.278,4.2138426
18445.813,4.2131724
18448.348,4.2165244
18450.883,4.2173286
18453.419,4.2153175
18455.954,4.2198758
18458.49,4.2185354
18461.026,4.2210827
18463.562,4.2201439
18466.098,4.2194737
18468.635,4.2205465
18471.171,4.2197418
18473.708,4.2185354
18476.245,4.2184014
18478.782,4.2151835
18481.32,4.2135746
18483.857,4.2115635
18486.395,4.2119656
18488.933,4.2104912
18491.471,4.2112954
18494.009,4.2049942
18496.547,4.2023129
18499.086,4.2000333
18501.625,4.1993631
18504.164,4.195475
18506.703,4.195341
18509.242,4.1941346
18511.781,4.1926597
18514.321,4.1948048
18516.861,4.1968159
18519.401,4.193598
18521.941,4.193598
18524.481,4.1926597
18527.021,4.1911848
18529.562,4.189978
18532.103,4.191989
18534.644,4.1891738
18537.185,4.1872967
18539.726,4.1856878
18542.268,4.189978
18544.81,4.1885036
18547.351,4.1867606
18549.893,4.1850176
18552.436,4.1843474
18554.978,4.1850176
18557.521,4.1871627
18560.063,4.1871627
18562.606,4.1866265
18565.149,4.1836767
18567.693,4.1855537
18570.236,4.1834086
18572.78,4.1852857
18575.323,4.1867606
18577.867,4.1868946
18580.411,4.1804593
18582.956,4.1824704
18585.5,4.1826044
18588.045,4.1819337
18590.59,4.1783142
18593.135,4.1754984
18595.68,4.1725491
18598.225,4.1698674
18600.771,4.1682589
18603.316,4.1695993
18605.862,4.166918
18608.408,4.166784
18610.954,4.1675882
18613.501,4.166784
18616.047,4.1627619
18618.594,4.163298
18621.141,4.1618231
18623.688,4.1608849
18626.235,4.1599466
18628.783,4.1603487
18631.33,4.1618231
18633.878,4.1607508
18636.426,4.1580696
18638.974,4.1552538
18641.523,4.1560585
18644.071,4.15579
18646.62,4.157801
18649.168,4.157667
18651.717,4.1567287
18654.267,4.1592759
18656.816,4.1598121
18659.366,4.1602147
18661.915,4.159544
18664.465,4.159544
18667.015,4.1586057
18669.565,4.1572649
18672.116,4.1591419
18674.666,4.1615551
18677.217,4.1634321
18679.768,4.1653091
18682.319,4.161421
18684.87,4.1569968
18687.422,4.1569968
18689.973,4.15579
18692.525,4.1537789
18695.077,4.1543155
18697.629,4.1525725
18700.182,4.1505615
18702.734,4.1504274
18705.287,4.1489525
18707.839,4.1478802
18710.393,4.1470755
18712.946,4.1449304
18715.499,4.1450645
18718.053,4.1422492
18720.606,4.1474776
18723.16,4.1497568
18725.714,4.1451985
18728.268,4.1462713
18730.823,4.1460032
18733.377,4.1438581
18735.932,4.1447964
18738.487,4.1462713
18741.042,4.1438581
18743.597,4.1465394
18746.153,4.1443943
18748.708,4.1458692
18751.264,4.1453325
18753.82,4.1445283
18756.376,4.1447964
18758.933,4.1426513
18761.489,4.13997
18764.046,4.1417125
18766.603,4.1449304
18769.16,4.1456006
18771.717,4.1446623
18774.274,4.139836
18776.832,4.1426513
18779.389,4.1437236
18781.947,4.1409083
18784.505,4.1433215
18787.064,4.1403721
18789.622,4.1403721
18792.181,4.1392993
18794.739,4.138227
18797.298,4.1390313
18799.857,4.1364841
18802.417,4.1409083
18804.976,4.1350092
18807.536,4.134339
18810.096,4.1351432
18812.655,4.1388972
18815.216,4.1354113
18817.776,4.1375564
18820.336,4.1360819
18822.897,4.1348751
18825.458,4.1332662
18828.019,4.1334002
18830.58,4.1328641
18833.142,4.130853
18835.703,4.1300488
18838.265,4.1335342
18840.827,4.1297807
18843.389,4.132596
18845.951,4.1329981
18848.513,4.1324619
18851.076,4.1313891
18853.639,4.1297807
18856.202,4.1284398
18858.765,4.1300488
18861.328,4.1296462
18863.892,4.130853
18866.455,4.1324619
18869.019,4.1315232
18871.583,4.1303168
18874.147,4.1285739
18876.711,4.125356
18879.276,4.1260266
18881.841,4.127233
18884.405,4.1262947
18886.97,4.1242837
18889.536,4.1242837
18892.101,4.1240156
18894.667,4.1232109
18897.232,4.1233449
18899.798,4.1245517
18902.364,4.123613
18904.93,4.1228087
18907.497,4.1264288
18910.063,4.1250879
18912.63,4.1238815
18915.197,4.125356
18917.764,4.1245517
18920.332,4.1187866
18922.899,4.1186526
18925.467,4.1190547
18928.035,4.117446
18930.602,4.1178481
18933.171,4.1159711
18935.739,4.1124854
18938.307,4.1122173
18940.876,4.1150326
18943.445,4.1143624
18946.014,4.1104743
18948.583,4.111949
18951.153,4.1161051
18953.722,4.1166415
18956.292,4.1158371
18958.862,4.1190547
18961.432,4.1195909
18964.002,4.1183845
18966.573,4.1193228
18969.143,4.1185186
18971.714,4.1195909
18974.285,4.1214679
18976.856,4.1186526
18979.427,4.1132898
18981.999,4.1124854
18984.57,4.1124854
18987.142,4.1124854
18989.714,4.1103403
18992.286,4.1083292
18994.859,4.1108764
18997.431,4.1094018
19000.004,4.1071226
19002.577,4.112083
19005.15,4.111949
19007.723,4.1130215
19010.296,4.1132898
19012.87,4.1118149
19015.444,4.1128875
19018.018,4.1148985
19020.592,4.1146305
19023.166,4.113692
19025.74,4.1146305
19028.315,4.1161051
19030.89,4.1178481
19033.465,4.113692
19036.04,4.1147645
19038.615,4.1154349
19041.191,4.1127534
19043.766,4.1130215
19046.342,4.1126194
19048.918,4.113826
19051.494,4.1166415
19054.071,4.1181162
19056.647,4.1182505
19059.224,4.1171779
19061.801,4.1201275
19064.378,4.1178481
19066.955,4.1159711
19069.532,4.11396
19072.11,4.1148985
19074.688,4.1111447
19077.266,4.1112788
19079.844,4.1103403
19082.422,4.1110105
19085,4.1107424
19087.579,4.1112788
19090.158,4.1098039
19092.737,4.1084632
19095.316,4.1064522
19097.895,4.1089994
19100.475,4.1061841
19103.054,4.1076588
19105.634,4.1073907
19108.214,4.1095358
19110.794,4.1099379
19113.375,4.111949
19115.955,4.112083
19118.536,4.1140941
19121.117,4.1159711
19123.698,4.1148985
19126.279,4.1128875
19128.86,4.1134239
19131.442,4.1124854
19134.024,4.1187866
19136.606,4.1177141
19139.188,4.1177141
19141.77,4.1167756
19144.352,4.117446
19146.935,4.1178481
19149.518,4.1159711
19152.101,4.1170436
19154.684,4.1183845
19157.267,4.1131558
19159.851,4.1103403
19162.434,4.1110105
19165.018,4.1128875
19167.602,4.1103403
19170.186,4.1114128
19172.771,4.1104743
19175.355,4.1091337
19177.94,4.1111447
19180.525,4.1088654
19183.11,4.1077928
19185.695,4.1068543
19188.281,4.1061841
19190.866,4.1060498
19193.452,4.1037707
19196.038,4.1096698
19198.624,4.1088654
19201.21,4.1081952
19203.797,4.1068543
19206.383,4.1076588
19208.97,4.1085973
19211.557,4.1060498
19214.144,4.1045752
19216.732,4.1059158
19219.319,4.1087313
19221.907,4.1073907
19224.495,4.1081952
19227.083,4.1080609
19229.671,4.1068543
19232.259,4.1087313
19234.848,4.1063181
19237.436,4.1057818
19240.025,4.1055137
19242.614,4.104173
19245.204,4.1063181
19247.793,4.1024301
19250.383,4.100419
19252.972,4.1028322
19255.562,4.1013575
19258.152,4.1031005
19260.743,4.102162
19263.333,4.1012235
19265.924,4.1009552
19268.514,4.1029662
19271.105,4.0994805
19273.697,4.1012235
19276.288,4.100285
19278.879,4.1037707
19281.471,4.1017596
19284.063,4.100285
19286.655,4.0992124
19289.247,4.1001509
19291.84,4.0988101
19294.432,4.0978715
19297.025,4.0980056
19299.618,4.1013575
19302.211,4.0981399
19304.804,4.0996145
19307.397,4.0981399
19309.991,4.0990784
19312.585,4.0990784
19315.179,4.0977375
19317.773,4.0950563
19320.367,4.0978715
19322.962,4.098542
19325.556,4.1014916
19328.151,4.100285
19330.746,4.1012235
19333.341,4.0980056
19335.936,4.0958605
19338.532,4.0981399
19341.128,4.100553
19343.724,4.1008211
19346.32,4.1026981
19348.916,4.1017596
19351.512,4.1009552
19354.109,4.1040388
19356.705,4.1040388
19359.302,4.1017596
19361.899,4.102162
19364.497,4.1016256
19367.094,4.1016256
19369.692,4.1032345
19372.289,4.1060498
19374.887,4.1081952
19377.485,4.1044411
19380.084,4.1040388
19382.682,4.1043071
19385.281,4.1032345
19387.88,4.1073907
19390.479,4.1076588
19393.078,4.1080609
19395.677,4.1073907
19398.277,4.1098039
19400.876,4.1077928
19403.476,4.1081952
19406.076,4.1102062
19408.677,4.1094018
19411.277,4.1080609
19413.877,4.1067203
19416.478,4.1053796
19419.079,4.1073907
19421.68,4.1063181
19424.281,4.1039047
19426.883,4.1036367
19429.484,4.1040388
19432.086,4.102296
19434.688,4.1044411
19437.29,4.1033686
19439.893,4.1014916
19442.495,4.1018937
19445.098,4.100553
19447.701,4.0993465
19450.304,4.1012235
19452.907,4.0990784
19455.51,4.1006871
19458.114,4.1010894
19460.717,4.1006871
19463.321,4.1010894
19465.925,4.1017596
19468.529,4.0998826
19471.134,4.1000166
19473.738,4.0957264
19476.343,4.0965309
19478.948,4.0974694
19481.553,4.0961288
19484.158,4.098676
19486.764,4.0981399
19489.369,4.0980056
19491.975,4.1008211
19494.581,4.0977375
19497.187,4.0959945
19499.794,4.0950563
19502.4,4.0941177
19505.007,4.0925088
19507.614,4.0923748
19510.221,4.0923748
19512.828,4.0959945
19515.435,4.0939835
19518.043,4.0977375
19520.65,4.0996145
19523.258,4.096665
19525.866,4.0977375
19528.474,4.0970673
19531.083,4.0950563
19533.691,4.0990784
19536.3,4.0997486
19538.909,4.1008211
19541.518,4.1024301
19544.127,4.1020277
19546.737,4.1020277
19549.346,4.1006871
19551.956,4.1010894
19554.566,4.1044411
19557.176,4.1010894
19559.787,4.0984079
19562.397,4.1018937
19565.008,4.1024301
19567.619,4.1017596
19570.23,4.1031005
19572.841,4.1025641
19575.452,4.1029662
19578.064,4.1029662
19580.675,4.0998826
19583.287,4.100419
19585.899,4.1017596
19588.512,4.1048432
19591.124,4.102162
19593.737,4.1014916
19596.349,4.1031005
19598.962,4.1047092
19601.575,4.1036367
19604.189,4.1020277
19606.802,4.1012235
19609.416,4.1012235
19612.029,4.0992124
19614.643,4.0953243
19617.258,4.0982739
19619.872,4.1032345
19622.486,4.1013575
19625.101,4.100285
19627.716,4.100419
19630.331,4.1036367
19632.946,4.0981399
19635.561,4.098542
19638.177,4.0958605
19640.793,4.096799
19643.409,4.0961288
19646.025,4.0957264
19648.641,4.0974694
19651.257,4.0982739
19653.874,4.1009552
19656.491,4.0998826
19659.108,4.0978715
19661.725,4.0977375
19664.342,4.0978715
19666.959,4.0959945
19669.577,4.0950563
19672.195,4.0982739
19674.813,4.0976035
19677.431,4.0989441
19680.049,4.0976035
19682.668,4.0994805
19685.286,4.100285
19687.905,4.098542
19690.524,4.0973354
19693.144,4.0994805
19695.763,4.0977375
19698.382,4.096799
19701.002,4.0978715
19703.622,4.0982739
19706.242,4.098542
19708.862,4.0982739
19711.483,4.0980056
19714.103,4.0970673
19716.724,4.0984079
19719.345,4.0937154
19721.966,4.0929109
19724.587,4.0939835
19727.209,4.0922407
19729.831,4.0939835
19732.452,4.0923748
19735.074,4.0907658
19737.697,4.0914362
19740.319,4.0923748
19742.941,4.0915703
19745.564,4.0918384
19748.187,4.0921067
19750.81,4.0915703
19753.433,4.0923748
19756.057,4.0907658
19758.68,4.0929109
19761.304,4.0951903
19763.928,4.0938494
19766.552,4.0935813
19769.176,4.0926428
19771.8,4.0918384
19774.425,4.0925088
19777.05,4.0925088
19779.675,4.0907658
19782.3,4.0910341
19784.925,4.0894252
19787.551,4.0903637
19790.176,4.0904977
19792.802,4.0882186
19795.428,4.0875482
19798.054,4.0921067
19800.681,4.0908999
19803.307,4.0903637
19805.934,4.0910341
19808.561,4.0931792
19811.188,4.0921067
19813.815,4.0915703
19816.442,4.0907658
19819.07,4.0892912
19821.698,4.0891571
19824.325,4.0888888
19826.954,4.085001
19829.582,4.0888888
19832.21,4.0900956
19834.839,4.0902297
19837.468,4.0879503
19840.097,4.0871461
19842.726,4.0863416
19845.355,4.0880846
19847.984,4.0868777
19850.614,4.0859392
19853.244,4.0887548
19855.874,4.0866097
19858.504,4.0898273
19861.134,4.0902297
19863.765,4.0913022
19866.396,4.0913022
19869.026,4.0902297
19871.658,4.0899613
19874.289,4.0913022
19876.92,4.0890231
19879.552,4.0894252
19882.183,4.0910341
19884.815,4.0887548
19887.447,4.0880846
19890.08,4.0927769
19892.712,4.0917043
19895.345,4.0931792
19897.978,4.0907658
19900.61,4.0914362
19903.244,4.0917043
19905.877,4.0919724
19908.51,4.0906318
19911.144,4.0902297
19913.778,4.0903637
19916.412,4.0938494
19919.046,4.0935813
19921.68,4.0927769
19924.315,4.0907658
19926.95,4.0910341
19929.584,4.0879503
19932.22,4.0898273
19934.855,4.0908999
19937.49,4.0910341
19940.126,4.0891571
19942.761,4.0904977
19945.397,4.0925088
19948.033,4.0878162
19950.67,4.0900956
19953.306,4.0879503
19955.943,4.0875482
19958.58,4.0860735
19961.217,4.0840624
19963.854,4.0868777
19966.491,4.0862075
19969.128,4.0884867
19971.766,4.0862075
19974.404,4.0848667
19977.042,4.085001
19979.68,4.085001
19982.319,4.085001
19984.957,4.085001
19987.596,4.085001
19990.235,4.085001
19992.874,4.085001
19995.513,4.085001
